0 0.607847 0 0.607847 2.5 0.00159374 
0.000625 0.892332 0 0.892332 2.5 0.00108564 
0.00125 0.992217 0 0.992217 2.5 0.000976348 
0.001875 1.00007 0 1.00007 2.5 0.000968682 
0.0025 1.00014 0 1.00014 2.5 0.000968615 
0.003125 1.00014 0 1.00014 2.5 0.000968615 
0.00375 1.00014 0 1.00014 2.5 0.000968615 
0.004375 1.00014 0 1.00014 2.5 0.000968615 
0.005 1.00014 0 1.00014 2.5 0.000968615 
0.005625 1.00014 0 1.00014 2.5 0.000968615 
0.00625 1.00014 0 1.00014 2.5 0.000968615 
0.006875 1.00014 0 1.00014 2.5 0.000968615 
0.0075 1.00014 0 1.00014 2.5 0.000968615 
0.008125 1.00014 0 1.00014 2.5 0.000968615 
0.00875 1.00014 0 1.00014 2.5 0.000968615 
0.009375 1.00014 0 1.00014 2.5 0.000968615 
0.01 1.00014 0 1.00014 2.5 0.000968615 
0.010625 1.00014 0 1.00014 2.5 0.000968615 
0.01125 1.00014 0 1.00014 2.5 0.000968615 
0.011875 1.00014 0 1.00014 2.5 0.000968615 
0.0125 1.00014 0 1.00014 2.5 0.000968615 
0.013125 1.00014 0 1.00014 2.5 0.000968615 
0.01375 1.00014 0 1.00014 2.5 0.000968615 
0.014375 1.00014 0 1.00014 2.5 0.000968615 
0.015 1.00014 0 1.00014 2.5 0.000968615 
0.015625 1.00014 0 1.00014 2.5 0.000968615 
0.01625 1.00014 0 1.00014 2.5 0.000968615 
0.016875 1.00014 0 1.00014 2.5 0.000968615 
0.0175 1.00014 0 1.00014 2.5 0.000968615 
0.018125 1.00014 0 1.00014 2.5 0.000968615 
0.01875 1.00014 0 1.00014 2.5 0.000968615 
0.019375 1.00014 0 1.00014 2.5 0.000968615 
0.02 1.00014 0 1.00014 2.5 0.000968615 
0.020625 1.00014 0 1.00014 2.5 0.000968615 
0.02125 1.00014 0 1.00014 2.5 0.000968615 
0.021875 1.00014 0 1.00014 2.5 0.000968615 
0.0225 1.00014 0 1.00014 2.5 0.000968615 
0.023125 1.00014 0 1.00014 2.5 0.000968615 
0.02375 1.00014 0 1.00014 2.5 0.000968615 
0.024375 1.00014 0 1.00014 2.5 0.000968615 
0.025 1.00014 0 1.00014 2.5 0.000968615 
0.025625 1.00014 0 1.00014 2.5 0.000968615 
0.02625 1.00014 0 1.00014 2.5 0.000968615 
0.026875 1.00014 0 1.00014 2.5 0.000968615 
0.0275 1.00014 0 1.00014 2.5 0.000968615 
0.028125 1.00014 0 1.00014 2.5 0.000968615 
0.02875 1.00014 0 1.00014 2.5 0.000968615 
0.029375 1.00014 0 1.00014 2.5 0.000968615 
0.03 1.00014 0 1.00014 2.5 0.000968615 
0.030625 1.00014 0 1.00014 2.5 0.000968615 
0.03125 1.00014 0 1.00014 2.5 0.000968615 
0.031875 1.00014 0 1.00014 2.5 0.000968615 
0.0325 1.00014 0 1.00014 2.5 0.000968615 
0.033125 1.00014 0 1.00014 2.5 0.000968615 
0.03375 1.00014 0 1.00014 2.5 0.000968615 
0.034375 1.00014 0 1.00014 2.5 0.000968615 
0.035 1.00014 0 1.00014 2.5 0.000968615 
0.035625 1.00014 0 1.00014 2.5 0.000968615 
0.03625 1.00014 0 1.00014 2.5 0.000968615 
0.036875 1.00014 0 1.00014 2.5 0.000968615 
0.0375 1.00014 0 1.00014 2.5 0.000968615 
0.038125 1.00014 0 1.00014 2.5 0.000968615 
0.03875 1.00014 0 1.00014 2.5 0.000968615 
0.039375 1.00014 0 1.00014 2.5 0.000968615 
0.04 1.00014 0 1.00014 2.5 0.000968615 
0.040625 1.00014 0 1.00014 2.5 0.000968615 
0.04125 1.00014 0 1.00014 2.5 0.000968615 
0.041875 1.00014 0 1.00014 2.5 0.000968615 
0.0425 1.00014 0 1.00014 2.5 0.000968615 
0.043125 1.00014 0 1.00014 2.5 0.000968615 
0.04375 1.00014 0 1.00014 2.5 0.000968615 
0.044375 1.00014 0 1.00014 2.5 0.000968615 
0.045 1.00014 0 1.00014 2.5 0.000968615 
0.045625 1.00014 0 1.00014 2.5 0.000968615 
0.04625 1.00014 0 1.00014 2.5 0.000968615 
0.046875 1.00014 0 1.00014 2.5 0.000968615 
0.0475 1.00014 0 1.00014 2.5 0.000968615 
0.048125 1.00014 0 1.00014 2.5 0.000968615 
0.04875 1.00014 0 1.00014 2.5 0.000968615 
0.049375 1.00014 0 1.00014 2.5 0.000968615 
0.05 1.00014 0 1.00014 2.5 0.000968615 
0.050625 1.00014 0 1.00014 2.5 0.000968615 
0.05125 1.00014 0 1.00014 2.5 0.000968615 
0.051875 1.00014 0 1.00014 2.5 0.000968615 
0.0525 1.00014 0 1.00014 2.5 0.000968615 
0.053125 1.00014 0 1.00014 2.5 0.000968615 
0.05375 1.00014 0 1.00014 2.5 0.000968615 
0.054375 1.00014 0 1.00014 2.5 0.000968615 
0.055 1.00014 0 1.00014 2.5 0.000968615 
0.055625 1.00014 0 1.00014 2.5 0.000968615 
0.05625 1.00014 0 1.00014 2.5 0.000968615 
0.056875 1.00014 0 1.00014 2.5 0.000968615 
0.0575 1.00014 0 1.00014 2.5 0.000968615 
0.058125 1.00014 0 1.00014 2.5 0.000968615 
0.05875 1.00014 0 1.00014 2.5 0.000968615 
0.059375 1.00014 0 1.00014 2.5 0.000968615 
0.06 1.00014 0 1.00014 2.5 0.000968615 
0.060625 1.00014 0 1.00014 2.5 0.000968615 
0.06125 1.00014 0 1.00014 2.5 0.000968615 
0.061875 1.00014 0 1.00014 2.5 0.000968615 
0.0625 1.00014 0 1.00014 2.5 0.000968615 
0.063125 1.00014 1.6087e-14 1.00014 2.5 0.000968615 
0.06375 1.00014 7.31292e-15 1.00014 2.5 0.000968615 
0.064375 1.00014 -1.08129e-14 1.00014 2.5 0.000968615 
0.065 1.00014 -1.08643e-14 1.00014 2.5 0.000968615 
0.065625 1.00014 1.107e-14 1.00014 2.5 0.000968615 
0.06625 1.00014 5.45205e-15 1.00014 2.5 0.000968615 
0.066875 1.00014 3.67711e-15 1.00014 2.5 0.000968615 
0.0675 1.00014 4.80025e-15 1.00014 2.5 0.000968615 
0.068125 1.00014 -9.58321e-15 1.00014 2.5 0.000968615 
0.06875 1.00014 -1.94538e-14 1.00014 2.5 0.000968615 
0.069375 1.00014 -1.94158e-14 1.00014 2.5 0.000968615 
0.07 1.00014 -1.9227e-14 1.00014 2.5 0.000968615 
0.070625 1.00014 -2.67203e-14 1.00014 2.5 0.000968615 
0.07125 1.00014 -2.74173e-14 1.00014 2.5 0.000968615 
0.071875 1.00014 -2.84464e-15 1.00014 2.5 0.000968615 
0.0725 1.00014 -1.24212e-15 1.00014 2.5 0.000968615 
0.073125 1.00014 -9.00803e-15 1.00014 2.5 0.000968615 
0.07375 1.00014 -2.2957e-14 1.00014 2.5 0.000968615 
0.074375 1.00014 -1.12436e-14 1.00014 2.5 0.000968615 
0.075 1.00014 -2.68348e-15 1.00014 2.5 0.000968615 
0.075625 1.00014 -4.74142e-15 1.00014 2.5 0.000968615 
0.07625 1.00014 -1.06752e-14 1.00014 2.5 0.000968615 
0.076875 1.00014 -1.55451e-14 1.00014 2.5 0.000968615 
0.0775 1.00014 -9.25534e-15 1.00014 2.5 0.000968615 
0.078125 1.00014 -7.69203e-15 1.00014 2.5 0.000968615 
0.07875 1.00014 -8.19517e-15 1.00014 2.5 0.000968615 
0.079375 1.00014 -1.36513e-14 1.00014 2.5 0.000968615 
0.08 1.00014 -3.61229e-15 1.00014 2.5 0.000968615 
0.080625 1.00014 7.9123e-15 1.00014 2.5 0.000968615 
0.08125 1.00014 8.9454e-15 1.00014 2.5 0.000968615 
0.081875 1.00014 1.90643e-15 1.00014 2.5 0.000968615 
0.0825 1.00014 -1.47681e-14 1.00014 2.5 0.000968615 
0.083125 1.00014 -2.42495e-14 1.00014 2.5 0.000968615 
0.08375 1.00014 -7.80032e-15 1.00014 2.5 0.000968615 
0.084375 1.00014 2.73611e-15 1.00014 2.5 0.000968615 
0.085 1.00014 -1.01871e-14 1.00014 2.5 0.000968615 
0.085625 1.00014 6.34709e-15 1.00014 2.5 0.000968615 
0.08625 1.00014 1.1228e-14 1.00014 2.5 0.000968615 
0.086875 1.00014 -5.04901e-15 1.00014 2.5 0.000968615 
0.0875 1.00014 -1.22686e-14 1.00014 2.5 0.000968615 
0.088125 1.00014 -5.93403e-15 1.00014 2.5 0.000968615 
0.08875 1.00014 -1.23464e-14 1.00014 2.5 0.000968615 
0.089375 1.00014 -1.2247e-15 1.00014 2.5 0.000968615 
0.09 1.00014 4.37943e-15 1.00014 2.5 0.000968615 
0.090625 1.00014 7.57372e-15 1.00014 2.5 0.000968615 
0.09125 1.00014 8.62912e-15 1.00014 2.5 0.000968615 
0.091875 1.00014 -3.71492e-16 1.00014 2.5 0.000968615 
0.0925 1.00014 -1.86467e-14 1.00014 2.5 0.000968615 
0.093125 1.00014 -1.76375e-14 1.00014 2.5 0.000968615 
0.09375 1.00014 -8.38972e-15 1.00014 2.5 0.000968615 
0.094375 1.00014 -1.3113e-14 1.00014 2.5 0.000968615 
0.095 1.00014 -1.69203e-14 1.00014 2.5 0.000968615 
0.095625 1.00014 -8.58276e-15 1.00014 2.5 0.000968615 
0.09625 1.00014 7.20735e-15 1.00014 2.5 0.000968615 
0.096875 1.00014 7.62506e-15 1.00014 2.5 0.000968615 
0.0975 1.00014 -5.92163e-15 1.00014 2.5 0.000968615 
0.098125 1.00014 -9.51081e-15 1.00014 2.5 0.000968615 
0.09875 1.00014 5.30831e-15 1.00014 2.5 0.000968615 
0.099375 1.00014 1.39901e-14 1.00014 2.5 0.000968615 
0.1 1.00014 1.30693e-14 1.00014 2.5 0.000968615 
0.100625 1.00014 4.48128e-16 1.00014 2.5 0.000968615 
0.10125 1.00014 -1.56098e-14 1.00014 2.5 0.000968615 
0.101875 1.00014 -5.84221e-15 1.00014 2.5 0.000968615 
0.1025 1.00014 9.1913e-15 1.00014 2.5 0.000968615 
0.103125 1.00014 1.42813e-14 1.00014 2.5 0.000968615 
0.10375 1.00014 1.99979e-14 1.00014 2.5 0.000968615 
0.104375 1.00014 1.84623e-14 1.00014 2.5 0.000968615 
0.105 1.00014 6.55869e-15 1.00014 2.5 0.000968615 
0.105625 1.00014 -8.13813e-15 1.00014 2.5 0.000968615 
0.10625 1.00014 -1.78369e-15 1.00014 2.5 0.000968615 
0.106875 1.00014 8.65169e-15 1.00014 2.5 0.000968615 
0.1075 1.00014 1.30407e-15 1.00014 2.5 0.000968615 
0.108125 1.00014 1.11561e-14 1.00014 2.5 0.000968615 
0.10875 1.00014 2.40981e-14 1.00014 2.5 0.000968615 
0.109375 1.00014 1.81218e-14 1.00014 2.5 0.000968615 
0.11 1.00014 6.94727e-15 1.00014 2.5 0.000968615 
0.110625 1.00014 4.97818e-15 1.00014 2.5 0.000968615 
0.11125 1.00014 1.42371e-14 1.00014 2.5 0.000968615 
0.111875 1.00014 1.30044e-14 1.00014 2.5 0.000968615 
0.1125 1.00014 1.78804e-14 1.00014 2.5 0.000968615 
0.113125 1.00014 1.68122e-14 1.00014 2.5 0.000968615 
0.11375 1.00014 -3.19351e-15 1.00014 2.5 0.000968615 
0.114375 1.00014 2.51813e-15 1.00014 2.5 0.000968615 
0.115 1.00014 9.53347e-15 1.00014 2.5 0.000968615 
0.115625 1.00014 6.81102e-15 1.00014 2.5 0.000968615 
0.11625 1.00014 -4.31198e-15 1.00014 2.5 0.000968615 
0.116875 1.00014 7.8059e-15 1.00014 2.5 0.000968615 
0.1175 1.00014 3.3413e-15 1.00014 2.5 0.000968615 
0.118125 1.00014 2.57996e-15 1.00014 2.5 0.000968615 
0.11875 1.00014 1.99696e-15 1.00014 2.5 0.000968615 
0.119375 1.00014 -6.04433e-15 1.00014 2.5 0.000968615 
0.12 1.00014 1.00106e-14 1.00014 2.5 0.000968615 
0.120625 1.00014 2.66147e-15 1.00014 2.5 0.000968615 
0.12125 1.00014 -7.31306e-15 1.00014 2.5 0.000968615 
0.121875 1.00014 5.14316e-15 1.00014 2.5 0.000968615 
0.1225 1.00014 1.22012e-14 1.00014 2.5 0.000968615 
0.123125 1.00014 6.01352e-15 1.00014 2.5 0.000968615 
0.12375 1.00014 -2.01035e-14 1.00014 2.5 0.000968615 
0.124375 1.00014 -3.0603e-15 1.00014 2.5 0.000968615 
0.125 1.00014 2.10032e-14 1.00014 2.5 0.000968615 
0.125625 1.00014 -5.34236e-15 1.00014 2.5 0.000968615 
0.12625 1.00014 -2.43156e-14 1.00014 2.5 0.000968615 
0.126875 1.00014 6.42067e-15 1.00014 2.5 0.000968615 
0.1275 1.00014 2.38215e-14 1.00014 2.5 0.000968615 
0.128125 1.00014 1.32469e-14 1.00014 2.5 0.000968615 
0.12875 1.00014 -9.22331e-15 1.00014 2.5 0.000968615 
0.129375 1.00014 -3.49124e-15 1.00014 2.5 0.000968615 
0.13 1.00014 -6.10239e-15 1.00014 2.5 0.000968615 
0.130625 1.00014 -1.23461e-14 1.00014 2.5 0.000968615 
0.13125 1.00014 -5.55146e-15 1.00014 2.5 0.000968615 
0.131875 1.00014 -8.89825e-15 1.00014 2.5 0.000968615 
0.1325 1.00014 -5.9357e-15 1.00014 2.5 0.000968615 
0.133125 1.00014 -5.77088e-15 1.00014 2.5 0.000968615 
0.13375 1.00014 8.60652e-16 1.00014 2.5 0.000968615 
0.134375 1.00014 2.88696e-15 1.00014 2.5 0.000968615 
0.135 1.00014 -3.36061e-15 1.00014 2.5 0.000968615 
0.135625 1.00014 1.23683e-15 1.00014 2.5 0.000968615 
0.13625 1.00014 -9.50975e-16 1.00014 2.5 0.000968615 
0.136875 1.00014 -4.26401e-15 1.00014 2.5 0.000968615 
0.1375 1.00014 -6.99234e-16 1.00014 2.5 0.000968615 
0.138125 1.00014 -4.1914e-15 1.00014 2.5 0.000968615 
0.13875 1.00014 -1.51518e-14 1.00014 2.5 0.000968615 
0.139375 1.00014 -2.6976e-14 1.00014 2.5 0.000968615 
0.14 1.00014 -1.95936e-14 1.00014 2.5 0.000968615 
0.140625 1.00014 -9.1784e-15 1.00014 2.5 0.000968615 
0.14125 1.00014 -1.43513e-14 1.00014 2.5 0.000968615 
0.141875 1.00014 -1.12477e-14 1.00014 2.5 0.000968615 
0.1425 1.00014 2.08379e-15 1.00014 2.5 0.000968615 
0.143125 1.00014 1.24368e-14 1.00014 2.5 0.000968615 
0.14375 1.00014 2.14754e-15 1.00014 2.5 0.000968615 
0.144375 1.00014 -9.6466e-15 1.00014 2.5 0.000968615 
0.145 1.00014 -6.82402e-15 1.00014 2.5 0.000968615 
0.145625 1.00014 1.03475e-14 1.00014 2.5 0.000968615 
0.14625 1.00014 7.14227e-15 1.00014 2.5 0.000968615 
0.146875 1.00014 2.39785e-14 1.00014 2.5 0.000968615 
0.1475 1.00014 1.61641e-14 1.00014 2.5 0.000968615 
0.148125 1.00014 -6.17323e-15 1.00014 2.5 0.000968615 
0.14875 1.00014 -1.32927e-14 1.00014 2.5 0.000968615 
0.149375 1.00014 -2.65799e-15 1.00014 2.5 0.000968615 
0.15 1.00014 -2.01085e-14 1.00014 2.5 0.000968615 
0.150625 1.00014 -2.61157e-14 1.00014 2.5 0.000968615 
0.15125 1.00014 9.29951e-15 1.00014 2.5 0.000968615 
0.151875 1.00014 1.2562e-14 1.00014 2.5 0.000968615 
0.1525 1.00014 -2.08962e-14 1.00014 2.5 0.000968615 
0.153125 1.00014 -3.9723e-14 1.00014 2.5 0.000968615 
0.15375 1.00014 4.03285e-15 1.00014 2.5 0.000968615 
0.154375 1.00014 4.68309e-14 1.00014 2.5 0.000968615 
0.155 1.00014 1.84517e-14 1.00014 2.5 0.000968615 
0.155625 1.00014 -5.45597e-14 1.00014 2.5 0.000968615 
0.15625 1.00014 -5.23011e-14 1.00014 2.5 0.000968615 
0.156875 1.00014 3.77468e-14 1.00014 2.5 0.000968615 
0.1575 1.00014 5.35801e-14 1.00014 2.5 0.000968615 
0.158125 1.00014 2.1222e-14 1.00014 2.5 0.000968615 
0.15875 1.00014 -2.54428e-14 1.00014 2.5 0.000968615 
0.159375 1.00014 -3.77896e-14 1.00014 2.5 0.000968615 
0.16 1.00014 -1.60518e-14 1.00014 2.5 0.000968615 
0.160625 1.00014 2.11615e-14 1.00014 2.5 0.000968615 
0.16125 1.00014 2.78245e-14 1.00014 2.5 0.000968615 
0.161875 1.00014 1.59671e-14 1.00014 2.5 0.000968615 
0.1625 1.00014 -4.64806e-15 1.00014 2.5 0.000968615 
0.163125 1.00014 -1.54833e-14 1.00014 2.5 0.000968615 
0.16375 1.00014 1.52527e-14 1.00014 2.5 0.000968615 
0.164375 1.00014 4.71675e-15 1.00014 2.5 0.000968615 
0.165 1.00014 -5.10555e-15 1.00014 2.5 0.000968615 
0.165625 1.00014 5.85904e-15 1.00014 2.5 0.000968615 
0.16625 1.00014 3.28343e-14 1.00014 2.5 0.000968615 
0.166875 1.00014 2.14254e-14 1.00014 2.5 0.000968615 
0.1675 1.00014 1.83333e-14 1.00014 2.5 0.000968615 
0.168125 1.00014 1.47415e-14 1.00014 2.5 0.000968615 
0.16875 1.00014 -1.0154e-15 1.00014 2.5 0.000968615 
0.169375 1.00014 -1.48148e-14 1.00014 2.5 0.000968615 
0.17 1.00014 5.63644e-15 1.00014 2.5 0.000968615 
0.170625 1.00014 -3.43957e-15 1.00014 2.5 0.000968615 
0.17125 1.00014 -2.58689e-14 1.00014 2.5 0.000968615 
0.171875 1.00014 5.4864e-15 1.00014 2.5 0.000968615 
0.1725 1.00014 1.37965e-15 1.00014 2.5 0.000968615 
0.173125 1.00014 -2.06486e-14 1.00014 2.5 0.000968615 
0.17375 1.00014 -1.78718e-14 1.00014 2.5 0.000968615 
0.174375 1.00014 -5.61154e-15 1.00014 2.5 0.000968615 
0.175 1.00014 -8.25992e-15 1.00014 2.5 0.000968615 
0.175625 1.00014 1.95364e-14 1.00014 2.5 0.000968615 
0.17625 1.00014 1.09422e-14 1.00014 2.5 0.000968615 
0.176875 1.00014 -1.06565e-14 1.00014 2.5 0.000968615 
0.1775 1.00014 -3.96172e-15 1.00014 2.5 0.000968615 
0.178125 1.00014 2.70891e-14 1.00014 2.5 0.000968615 
0.17875 1.00014 1.81259e-14 1.00014 2.5 0.000968615 
0.179375 1.00014 -7.65345e-15 1.00014 2.5 0.000968615 
0.18 1.00014 -5.12403e-15 1.00014 2.5 0.000968615 
0.180625 1.00014 -6.77795e-15 1.00014 2.5 0.000968615 
0.18125 1.00014 -4.33897e-15 1.00014 2.5 0.000968615 
0.181875 1.00014 1.30941e-15 1.00014 2.5 0.000968615 
0.1825 1.00014 -2.02585e-15 1.00014 2.5 0.000968615 
0.183125 1.00014 -5.50608e-15 1.00014 2.5 0.000968615 
0.18375 1.00014 -8.56822e-15 1.00014 2.5 0.000968615 
0.184375 1.00014 -1.41148e-14 1.00014 2.5 0.000968615 
0.185 1.00014 -1.32887e-14 1.00014 2.5 0.000968615 
0.185625 1.00014 -3.04124e-15 1.00014 2.5 0.000968615 
0.18625 1.00014 3.79109e-15 1.00014 2.5 0.000968615 
0.186875 1.00014 2.48231e-15 1.00014 2.5 0.000968615 
0.1875 1.00014 -5.18028e-15 1.00014 2.5 0.000968615 
0.188125 1.00014 -1.02254e-14 1.00014 2.5 0.000968615 
0.18875 1.00014 -5.03288e-15 1.00014 2.5 0.000968615 
0.189375 1.00014 -7.11568e-15 1.00014 2.5 0.000968615 
0.19 1.00014 -5.15205e-15 1.00014 2.5 0.000968615 
0.190625 1.00014 -7.13638e-15 1.00014 2.5 0.000968615 
0.19125 1.00014 -1.00507e-15 1.00014 2.5 0.000968615 
0.191875 1.00014 -3.28635e-15 1.00014 2.5 0.000968615 
0.1925 1.00014 -6.61488e-15 1.00014 2.5 0.000968615 
0.193125 1.00014 -1.16945e-14 1.00014 2.5 0.000968615 
0.19375 1.00014 -1.92913e-14 1.00014 2.5 0.000968615 
0.194375 1.00014 -6.2622e-15 1.00014 2.5 0.000968615 
0.195 1.00014 9.80711e-16 1.00014 2.5 0.000968615 
0.195625 1.00014 3.94639e-15 1.00014 2.5 0.000968615 
0.19625 1.00014 9.60182e-15 1.00014 2.5 0.000968615 
0.196875 1.00014 6.67322e-15 1.00014 2.5 0.000968615 
0.1975 1.00014 -1.99678e-15 1.00014 2.5 0.000968615 
0.198125 1.00014 -1.01606e-14 1.00014 2.5 0.000968615 
0.19875 1.00014 -2.66562e-14 1.00014 2.5 0.000968615 
0.199375 1.00014 -1.53934e-14 1.00014 2.5 0.000968615 
0.2 1.00014 9.30801e-15 1.00014 2.5 0.000968615 
0.200625 1.00014 -3.33946e-15 1.00014 2.5 0.000968615 
0.20125 1.00014 2.2535e-15 1.00014 2.5 0.000968615 
0.201875 1.00014 1.46474e-14 1.00014 2.5 0.000968615 
0.2025 1.00014 1.82211e-14 1.00014 2.5 0.000968615 
0.203125 1.00014 -4.73345e-15 1.00014 2.5 0.000968615 
0.20375 1.00014 -2.75567e-14 1.00014 2.5 0.000968615 
0.204375 1.00014 -1.1007e-14 1.00014 2.5 0.000968615 
0.205 1.00014 2.06312e-14 1.00014 2.5 0.000968615 
0.205625 1.00014 -1.97156e-15 1.00014 2.5 0.000968615 
0.20625 1.00014 -2.27388e-14 1.00014 2.5 0.000968615 
0.206875 1.00014 -8.75408e-15 1.00014 2.5 0.000968615 
0.2075 1.00014 1.53747e-14 1.00014 2.5 0.000968615 
0.208125 1.00014 5.70965e-15 1.00014 2.5 0.000968615 
0.20875 1.00014 -3.79268e-15 1.00014 2.5 0.000968615 
0.209375 1.00014 3.48453e-15 1.00014 2.5 0.000968615 
0.21 1.00014 4.40621e-15 1.00014 2.5 0.000968615 
0.210625 1.00014 6.8239e-16 1.00014 2.5 0.000968615 
0.21125 1.00014 -3.55551e-15 1.00014 2.5 0.000968615 
0.211875 1.00014 4.44767e-16 1.00014 2.5 0.000968615 
0.2125 1.00014 5.59444e-15 1.00014 2.5 0.000968615 
0.213125 1.00014 -1.3493e-14 1.00014 2.5 0.000968615 
0.21375 1.00014 -2.35441e-14 1.00014 2.5 0.000968615 
0.214375 1.00014 -2.07864e-14 1.00014 2.5 0.000968615 
0.215 1.00014 -3.79122e-14 1.00014 2.5 0.000968615 
0.215625 1.00014 -1.86192e-14 1.00014 2.5 0.000968615 
0.21625 1.00014 -3.16678e-16 1.00014 2.5 0.000968615 
0.216875 1.00014 -2.89674e-14 1.00014 2.5 0.000968615 
0.2175 1.00014 -3.9874e-14 1.00014 2.5 0.000968615 
0.218125 1.00014 -3.27224e-14 1.00014 2.5 0.000968615 
0.21875 1.00014 -6.28791e-15 1.00014 2.5 0.000968615 
0.219375 1.00014 2.72515e-14 1.00014 2.5 0.000968615 
0.22 1.00014 -2.18154e-15 1.00014 2.5 0.000968615 
0.220625 1.00014 -2.0316e-14 1.00014 2.5 0.000968615 
0.22125 1.00014 -1.60065e-14 1.00014 2.5 0.000968615 
0.221875 1.00014 -7.04936e-16 1.00014 2.5 0.000968615 
0.2225 1.00014 2.56458e-15 1.00014 2.5 0.000968615 
0.223125 1.00014 -1.43693e-14 1.00014 2.5 0.000968615 
0.22375 1.00014 -1.28537e-14 1.00014 2.5 0.000968615 
0.224375 1.00014 1.27146e-14 1.00014 2.5 0.000968615 
0.225 1.00014 2.26019e-14 1.00014 2.5 0.000968615 
0.225625 1.00014 4.64534e-15 1.00014 2.5 0.000968615 
0.22625 1.00014 -4.59495e-15 1.00014 2.5 0.000968615 
0.226875 1.00014 8.91304e-15 1.00014 2.5 0.000968615 
0.2275 1.00014 3.06188e-15 1.00014 2.5 0.000968615 
0.228125 1.00014 -2.01622e-14 1.00014 2.5 0.000968615 
0.22875 1.00014 -4.42896e-15 1.00014 2.5 0.000968615 
0.229375 1.00014 1.46953e-14 1.00014 2.5 0.000968615 
0.23 1.00014 -1.22091e-14 1.00014 2.5 0.000968615 
0.230625 1.00014 -9.6608e-15 1.00014 2.5 0.000968615 
0.23125 1.00014 1.1694e-14 1.00014 2.5 0.000968615 
0.231875 1.00014 -2.13883e-15 1.00014 2.5 0.000968615 
0.2325 1.00014 -7.8034e-15 1.00014 2.5 0.000968615 
0.233125 1.00014 -1.42709e-15 1.00014 2.5 0.000968615 
0.23375 1.00014 -5.44657e-15 1.00014 2.5 0.000968615 
0.234375 1.00014 -3.28214e-14 1.00014 2.5 0.000968615 
0.235 1.00014 -3.69195e-14 1.00014 2.5 0.000968615 
0.235625 1.00014 -1.20707e-14 1.00014 2.5 0.000968615 
0.23625 1.00014 2.66756e-14 1.00014 2.5 0.000968615 
0.236875 1.00014 -6.71993e-16 1.00014 2.5 0.000968615 
0.2375 1.00014 7.82082e-15 1.00014 2.5 0.000968615 
0.238125 1.00014 1.20195e-15 1.00014 2.5 0.000968615 
0.23875 1.00014 -6.70118e-15 1.00014 2.5 0.000968615 
0.239375 1.00014 -6.22503e-15 1.00014 2.5 0.000968615 
0.24 1.00014 -8.56914e-15 1.00014 2.5 0.000968615 
0.240625 1.00014 1.94815e-14 1.00014 2.5 0.000968615 
0.24125 1.00014 1.2545e-14 1.00014 2.5 0.000968615 
0.241875 1.00014 -5.22042e-15 1.00014 2.5 0.000968615 
0.2425 1.00014 -1.41122e-14 1.00014 2.5 0.000968615 
0.243125 1.00014 6.3631e-15 1.00014 2.5 0.000968615 
0.24375 1.00014 -4.60449e-15 1.00014 2.5 0.000968615 
0.244375 1.00014 -1.92554e-14 1.00014 2.5 0.000968615 
0.245 1.00014 9.8419e-15 1.00014 2.5 0.000968615 
0.245625 1.00014 1.19695e-14 1.00014 2.5 0.000968615 
0.24625 1.00014 -5.45619e-15 1.00014 2.5 0.000968615 
0.246875 1.00014 -1.05881e-14 1.00014 2.5 0.000968615 
0.2475 1.00014 8.17109e-15 1.00014 2.5 0.000968615 
0.248125 1.00014 1.10296e-14 1.00014 2.5 0.000968615 
0.24875 1.00014 1.09379e-15 1.00014 2.5 0.000968615 
0.249375 1.00014 -1.71624e-14 1.00014 2.5 0.000968615 
0.25 1.00014 2.56397e-14 1.00014 2.5 0.000968615 
0.250625 1.00014 1.22193e-14 1.00014 2.5 0.000968615 
0.25125 1.00014 -2.68546e-15 1.00014 2.5 0.000968615 
0.251875 1.00014 -6.94204e-15 1.00014 2.5 0.000968615 
0.2525 1.00014 1.69723e-14 1.00014 2.5 0.000968615 
0.253125 1.00014 2.86272e-14 1.00014 2.5 0.000968615 
0.25375 1.00014 2.11966e-14 1.00014 2.5 0.000968615 
0.254375 1.00014 1.47755e-14 1.00014 2.5 0.000968615 
0.255 1.00014 7.8502e-15 1.00014 2.5 0.000968615 
0.255625 1.00014 5.85753e-15 1.00014 2.5 0.000968615 
0.25625 1.00014 1.16776e-15 1.00014 2.5 0.000968615 
0.256875 1.00014 -1.39612e-15 1.00014 2.5 0.000968615 
0.2575 1.00014 -6.06854e-15 1.00014 2.5 0.000968615 
0.258125 1.00014 -8.89186e-15 1.00014 2.5 0.000968615 
0.25875 1.00014 4.20229e-15 1.00014 2.5 0.000968615 
0.259375 1.00014 -4.47503e-15 1.00014 2.5 0.000968615 
0.26 1.00014 4.19724e-15 1.00014 2.5 0.000968615 
0.260625 1.00014 -4.4975e-15 1.00014 2.5 0.000968615 
0.26125 1.00014 -5.34313e-15 1.00014 2.5 0.000968615 
0.261875 1.00014 -2.0954e-15 1.00014 2.5 0.000968615 
0.2625 1.00014 6.98142e-15 1.00014 2.5 0.000968615 
0.263125 1.00014 -2.74508e-14 1.00014 2.5 0.000968615 
0.26375 1.00014 -6.11272e-14 1.00014 2.5 0.000968615 
0.264375 1.00014 -2.42014e-14 1.00014 2.5 0.000968615 
0.265 1.00014 -3.92346e-16 1.00014 2.5 0.000968615 
0.265625 1.00014 -1.65496e-15 1.00014 2.5 0.000968615 
0.26625 1.00014 -1.66109e-16 1.00014 2.5 0.000968615 
0.266875 1.00014 -6.21089e-15 1.00014 2.5 0.000968615 
0.2675 1.00014 2.66767e-15 1.00014 2.5 0.000968615 
0.268125 1.00014 -7.63563e-15 1.00014 2.5 0.000968615 
0.26875 1.00014 -1.80189e-15 1.00014 2.5 0.000968615 
0.269375 1.00014 -9.67462e-15 1.00014 2.5 0.000968615 
0.27 1.00014 -8.82984e-15 1.00014 2.5 0.000968615 
0.270625 1.00014 -1.03008e-14 1.00014 2.5 0.000968615 
0.27125 1.00014 -1.33699e-14 1.00014 2.5 0.000968615 
0.271875 1.00014 -4.04992e-15 1.00014 2.5 0.000968615 
0.2725 1.00014 -7.99485e-15 1.00014 2.5 0.000968615 
0.273125 1.00014 -1.24502e-15 1.00014 2.5 0.000968615 
0.27375 1.00014 2.77182e-15 1.00014 2.5 0.000968615 
0.274375 1.00014 -4.2508e-16 1.00014 2.5 0.000968615 
0.275 1.00014 6.55347e-15 1.00014 2.5 0.000968615 
0.275625 1.00014 2.31667e-15 1.00014 2.5 0.000968615 
0.27625 1.00014 2.7994e-15 1.00014 2.5 0.000968615 
0.276875 1.00014 5.94085e-15 1.00014 2.5 0.000968615 
0.2775 1.00014 -4.59728e-15 1.00014 2.5 0.000968615 
0.278125 1.00014 1.89834e-15 1.00014 2.5 0.000968615 
0.27875 1.00014 -1.05322e-14 1.00014 2.5 0.000968615 
0.279375 1.00014 -1.10273e-14 1.00014 2.5 0.000968615 
0.28 1.00014 -1.26224e-14 1.00014 2.5 0.000968615 
0.280625 1.00014 -2.04085e-14 1.00014 2.5 0.000968615 
0.28125 1.00014 -1.29079e-14 1.00014 2.5 0.000968615 
0.281875 1.00014 -2.04741e-14 1.00014 2.5 0.000968615 
0.2825 1.00014 -1.95183e-14 1.00014 2.5 0.000968615 
0.283125 1.00014 -1.27519e-14 1.00014 2.5 0.000968615 
0.28375 1.00014 -2.49184e-14 1.00014 2.5 0.000968615 
0.284375 1.00014 -9.15308e-15 1.00014 2.5 0.000968615 
0.285 1.00014 -2.08334e-14 1.00014 2.5 0.000968615 
0.285625 1.00014 -1.26869e-14 1.00014 2.5 0.000968615 
0.28625 1.00014 -1.15673e-14 1.00014 2.5 0.000968615 
0.286875 1.00014 -1.57167e-14 1.00014 2.5 0.000968615 
0.2875 1.00014 -7.74775e-15 1.00014 2.5 0.000968615 
0.288125 1.00014 -1.19939e-14 1.00014 2.5 0.000968615 
0.28875 1.00014 -1.0147e-14 1.00014 2.5 0.000968615 
0.289375 1.00014 -8.9743e-15 1.00014 2.5 0.000968615 
0.29 1.00014 -1.3177e-14 1.00014 2.5 0.000968615 
0.290625 1.00014 -7.09808e-15 1.00014 2.5 0.000968615 
0.29125 1.00014 -1.10189e-14 1.00014 2.5 0.000968615 
0.291875 1.00014 -1.06601e-14 1.00014 2.5 0.000968615 
0.2925 1.00014 -2.31146e-15 1.00014 2.5 0.000968615 
0.293125 1.00014 -1.35203e-14 1.00014 2.5 0.000968615 
0.29375 1.00014 3.54098e-15 1.00014 2.5 0.000968615 
0.294375 1.00014 -9.58149e-15 1.00014 2.5 0.000968615 
0.295 1.00014 -2.61751e-15 1.00014 2.5 0.000968615 
0.295625 1.00014 -3.20772e-15 1.00014 2.5 0.000968615 
0.29625 1.00014 -1.0345e-14 1.00014 2.5 0.000968615 
0.296875 1.00014 -5.8918e-15 1.00014 2.5 0.000968615 
0.2975 1.00014 -1.27263e-14 1.00014 2.5 0.000968615 
0.298125 1.00014 -1.37584e-14 1.00014 2.5 0.000968615 
0.29875 1.00014 -6.77398e-15 1.00014 2.5 0.000968615 
0.299375 1.00014 -1.87007e-14 1.00014 2.5 0.000968615 
0.3 1.00014 -1.78824e-15 1.00014 2.5 0.000968615 
0.300625 1.00014 -1.18687e-14 1.00014 2.5 0.000968615 
0.30125 1.00014 -4.93048e-16 1.00014 2.5 0.000968615 
0.301875 1.00014 3.29901e-15 1.00014 2.5 0.000968615 
0.3025 1.00014 -1.3315e-15 1.00014 2.5 0.000968615 
0.303125 1.00014 1.37849e-14 1.00014 2.5 0.000968615 
0.30375 1.00014 8.40158e-15 1.00014 2.5 0.000968615 
0.304375 1.00014 8.54131e-15 1.00014 2.5 0.000968615 
0.305 1.00014 6.7451e-15 1.00014 2.5 0.000968615 
0.305625 1.00014 1.15558e-15 1.00014 2.5 0.000968615 
0.30625 1.00014 5.70626e-16 1.00014 2.5 0.000968615 
0.306875 1.00014 -4.4307e-15 1.00014 2.5 0.000968615 
0.3075 1.00014 -4.91755e-15 1.00014 2.5 0.000968615 
0.308125 1.00014 1.73477e-15 1.00014 2.5 0.000968615 
0.30875 1.00014 -8.1066e-15 1.00014 2.5 0.000968615 
0.309375 1.00014 1.605e-14 1.00014 2.5 0.000968615 
0.31 1.00014 1.49915e-15 1.00014 2.5 0.000968615 
0.310625 1.00014 1.25105e-14 1.00014 2.5 0.000968615 
0.31125 1.00014 1.07371e-14 1.00014 2.5 0.000968615 
0.311875 1.00014 2.93001e-15 1.00014 2.5 0.000968615 
0.3125 1.00014 7.81156e-15 1.00014 2.5 0.000968615 
0.313125 1.00014 -1.35298e-15 1.00014 2.5 0.000968615 
0.31375 1.00014 -3.97164e-15 1.00014 2.5 0.000968615 
0.314375 1.00014 6.65729e-15 1.00014 2.5 0.000968615 
0.315 1.00014 -7.15699e-15 1.00014 2.5 0.000968615 
0.315625 1.00014 -5.38878e-16 1.00014 2.5 0.000968615 
0.31625 1.00014 1.05185e-14 1.00014 2.5 0.000968615 
0.316875 1.00014 6.74317e-15 1.00014 2.5 0.000968615 
0.3175 1.00014 -9.47555e-16 1.00014 2.5 0.000968615 
0.318125 1.00014 -2.5767e-15 1.00014 2.5 0.000968615 
0.31875 1.00014 -6.3171e-15 1.00014 2.5 0.000968615 
0.319375 1.00014 -1.1885e-14 1.00014 2.5 0.000968615 
0.32 1.00014 -7.05741e-15 1.00014 2.5 0.000968615 
0.320625 1.00014 6.36989e-15 1.00014 2.5 0.000968615 
0.32125 1.00014 3.26259e-15 1.00014 2.5 0.000968615 
0.321875 1.00014 -8.20345e-15 1.00014 2.5 0.000968615 
0.3225 1.00014 -3.04834e-14 1.00014 2.5 0.000968615 
0.323125 1.00014 -5.72761e-14 1.00014 2.5 0.000968615 
0.32375 1.00014 -4.98501e-14 1.00014 2.5 0.000968615 
0.324375 1.00014 -7.04801e-15 1.00014 2.5 0.000968615 
0.325 1.00014 -1.29083e-15 1.00014 2.5 0.000968615 
0.325625 1.00014 -3.31644e-14 1.00014 2.5 0.000968615 
0.32625 1.00014 -2.21631e-14 1.00014 2.5 0.000968615 
0.326875 1.00014 -1.7208e-14 1.00014 2.5 0.000968615 
0.3275 1.00014 -5.19901e-14 1.00014 2.5 0.000968615 
0.328125 1.00014 -3.01365e-14 1.00014 2.5 0.000968615 
0.32875 1.00014 -1.91932e-14 1.00014 2.5 0.000968615 
0.329375 1.00014 -7.55137e-15 1.00014 2.5 0.000968615 
0.33 1.00014 -2.94994e-15 1.00014 2.5 0.000968615 
0.330625 1.00014 -1.91324e-14 1.00014 2.5 0.000968615 
0.33125 1.00014 6.25857e-16 1.00014 2.5 0.000968615 
0.331875 1.00014 -1.416e-14 1.00014 2.5 0.000968615 
0.3325 1.00014 -1.44236e-15 1.00014 2.5 0.000968615 
0.333125 1.00014 1.21936e-14 1.00014 2.5 0.000968615 
0.33375 1.00014 5.47644e-15 1.00014 2.5 0.000968615 
0.334375 1.00014 1.66223e-14 1.00014 2.5 0.000968615 
0.335 1.00014 1.07154e-14 1.00014 2.5 0.000968615 
0.335625 1.00014 1.00448e-14 1.00014 2.5 0.000968615 
0.33625 1.00014 8.86917e-15 1.00014 2.5 0.000968615 
0.336875 1.00014 4.01652e-15 1.00014 2.5 0.000968615 
0.3375 1.00014 4.35098e-15 1.00014 2.5 0.000968615 
0.338125 1.00014 -2.41049e-16 1.00014 2.5 0.000968615 
0.33875 1.00014 -1.46687e-15 1.00014 2.5 0.000968615 
0.339375 1.00014 2.4139e-15 1.00014 2.5 0.000968615 
0.34 1.00014 -8.08916e-15 1.00014 2.5 0.000968615 
0.340625 1.00014 5.78046e-15 1.00014 2.5 0.000968615 
0.34125 1.00014 -7.28141e-15 1.00014 2.5 0.000968615 
0.341875 1.00014 -6.23845e-16 1.00014 2.5 0.000968615 
0.3425 1.00014 -2.33313e-15 1.00014 2.5 0.000968615 
0.343125 1.00014 -8.94417e-15 1.00014 2.5 0.000968615 
0.34375 1.00014 -7.7222e-15 1.00014 2.5 0.000968615 
0.344375 1.00014 -1.47824e-14 1.00014 2.5 0.000968615 
0.345 1.00014 -1.73425e-14 1.00014 2.5 0.000968615 
0.345625 1.00014 -1.65429e-14 1.00014 2.5 0.000968615 
0.34625 1.00014 -2.91153e-14 1.00014 2.5 0.000968615 
0.346875 1.00014 -1.74195e-14 1.00014 2.5 0.000968615 
0.3475 1.00014 -2.95659e-14 1.00014 2.5 0.000968615 
0.348125 1.00014 -2.01886e-14 1.00014 2.5 0.000968615 
0.34875 1.00014 -1.93023e-14 1.00014 2.5 0.000968615 
0.349375 1.00014 -2.27351e-14 1.00014 2.5 0.000968615 
0.35 1.00014 -7.22058e-15 1.00014 2.5 0.000968615 
0.350625 1.00014 -1.07277e-14 1.00014 2.5 0.000968615 
0.35125 1.00014 -4.21061e-15 1.00014 2.5 0.000968615 
0.351875 1.00014 8.76885e-15 1.00014 2.5 0.000968615 
0.3525 1.00014 8.10918e-16 1.00014 2.5 0.000968615 
0.353125 1.00014 1.70411e-14 1.00014 2.5 0.000968615 
0.35375 1.00014 1.03452e-14 1.00014 2.5 0.000968615 
0.354375 1.00014 9.47541e-15 1.00014 2.5 0.000968615 
0.355 1.00014 9.47823e-15 1.00014 2.5 0.000968615 
0.355625 1.00014 -1.46239e-15 1.00014 2.5 0.000968615 
0.35625 1.00014 2.26238e-15 1.00014 2.5 0.000968615 
0.356875 1.00014 -1.0756e-14 1.00014 2.5 0.000968615 
0.3575 1.00014 -1.18999e-14 1.00014 2.5 0.000968615 
0.358125 1.00014 -1.52614e-14 1.00014 2.5 0.000968615 
0.35875 1.00014 -2.32856e-14 1.00014 2.5 0.000968615 
0.359375 1.00014 -1.98448e-14 1.00014 2.5 0.000968615 
0.36 1.00014 -2.63343e-14 1.00014 2.5 0.000968615 
0.360625 1.00014 -2.65999e-14 1.00014 2.5 0.000968615 
0.36125 1.00014 -1.51827e-14 1.00014 2.5 0.000968615 
0.361875 1.00014 -2.78368e-14 1.00014 2.5 0.000968615 
0.3625 1.00014 -1.24539e-15 1.00014 2.5 0.000968615 
0.363125 1.00014 -1.24298e-14 1.00014 2.5 0.000968615 
0.36375 1.00014 -7.06459e-16 1.00014 2.5 0.000968615 
0.364375 1.00014 6.06223e-15 1.00014 2.5 0.000968615 
0.365 1.00014 5.50309e-16 1.00014 2.5 0.000968615 
0.365625 1.00014 6.89653e-15 1.00014 2.5 0.000968615 
0.36625 1.00014 -6.62992e-15 1.00014 2.5 0.000968615 
0.366875 1.00014 2.61962e-16 1.00014 2.5 0.000968615 
0.3675 1.00014 5.55479e-14 1.00014 2.5 0.000968615 
0.368125 1.00014 1.38747e-13 1.00014 2.5 0.000968615 
0.36875 1.00014 1.53283e-13 1.00014 2.5 0.000968615 
0.369375 1.00014 -5.02519e-14 1.00014 2.5 0.000968615 
0.37 1.00014 -2.74393e-13 1.00014 2.5 0.000968615 
0.370625 1.00014 -4.6808e-13 1.00014 2.5 0.000968615 
0.37125 1.00014 -6.81809e-13 1.00014 2.5 0.000968615 
0.371875 1.00014 -8.99266e-13 1.00014 2.5 0.000968615 
0.3725 1.00014 -1.06512e-12 1.00014 2.5 0.000968615 
0.373125 1.00014 -1.02731e-12 1.00014 2.5 0.000968615 
0.37375 1.00014 -5.88301e-13 1.00014 2.5 0.000968615 
0.374375 1.00014 3.3953e-13 1.00014 2.5 0.000968615 
0.375 1.00014 1.52701e-12 1.00014 2.5 0.000968615 
0.375625 1.00014 2.46429e-12 1.00014 2.5 0.000968615 
0.37625 1.00014 2.16163e-12 1.00014 2.5 0.000968615 
0.376875 1.00014 6.8036e-13 1.00014 2.5 0.000968615 
0.3775 1.00014 -7.74845e-13 1.00014 2.5 0.000968615 
0.378125 1.00014 -2.78631e-12 1.00014 2.5 0.000968615 
0.37875 1.00014 -5.5611e-12 1.00014 2.5 0.000968615 
0.379375 1.00014 -8.59508e-12 1.00014 2.5 0.000968615 
0.38 1.00014 -1.11147e-11 1.00014 2.5 0.000968615 
0.380625 1.00014 -1.21587e-11 1.00014 2.5 0.000968615 
0.38125 1.00014 -1.08703e-11 1.00014 2.5 0.000968615 
0.381875 1.00014 -5.24541e-12 1.00014 2.5 0.000968615 
0.3825 1.00014 6.17303e-12 1.00014 2.5 0.000968615 
0.383125 1.00014 1.93225e-11 1.00014 2.5 0.000968615 
0.38375 1.00014 2.62102e-11 1.00014 2.5 0.000968615 
0.384375 1.00014 1.93156e-11 1.00014 2.5 0.000968615 
0.385 1.00014 3.43501e-12 1.00014 2.5 0.000968615 
0.385625 1.00014 -1.20376e-11 1.00014 2.5 0.000968615 
0.38625 1.00014 -3.48961e-11 1.00014 2.5 0.000968615 
0.386875 1.00014 -6.5076e-11 1.00014 2.5 0.000968615 
0.3875 1.00014 -9.66988e-11 1.00014 2.5 0.000968615 
0.388125 1.00014 -1.21826e-10 1.00014 2.5 0.000968615 
0.38875 1.00014 -1.30308e-10 1.00014 2.5 0.000968615 
0.389375 1.00014 -1.12261e-10 1.00014 2.5 0.000968615 
0.39 1.00014 -4.52377e-11 1.00014 2.5 0.000968615 
0.390625 1.00014 7.79635e-11 1.00014 2.5 0.000968615 
0.39125 1.00014 2.08613e-10 1.00014 2.5 0.000968615 
0.391875 1.00014 2.66337e-10 1.00014 2.5 0.000968615 
0.3925 1.00014 1.81164e-10 1.00014 2.5 0.000968615 
0.393125 1.00014 2.95609e-11 1.00014 2.5 0.000968615 
0.39375 1.00014 -1.17622e-10 1.00014 2.5 0.000968615 
0.394375 1.00014 -3.43198e-10 1.00014 2.5 0.000968615 
0.395 1.00014 -6.38051e-10 1.00014 2.5 0.000968615 
0.395625 1.00014 -9.44493e-10 1.00014 2.5 0.000968615 
0.39625 1.00014 -1.19186e-09 1.00014 2.5 0.000968615 
0.396875 1.00014 -1.28631e-09 1.00014 2.5 0.000968615 
0.3975 1.00014 -1.13991e-09 1.00014 2.5 0.000968615 
0.398125 1.00014 -5.50355e-10 1.00014 2.5 0.000968615 
0.39875 1.00014 5.79606e-10 1.00014 2.5 0.000968615 
0.399375 1.00014 1.82647e-09 1.00014 2.5 0.000968615 
0.4 1.00014 2.45715e-09 1.00014 2.5 0.000968615 
0.400625 1.00014 1.82091e-09 1.00014 2.5 0.000968615 
0.40125 1.00014 4.91539e-10 1.00014 2.5 0.000968615 
0.401875 1.00014 -7.18259e-10 1.00014 2.5 0.000968615 
0.4025 1.00014 -2.57311e-09 1.00014 2.5 0.000968615 
0.403125 1.00014 -5.09289e-09 1.00014 2.5 0.000968615 
0.40375 1.00014 -7.82131e-09 1.00014 2.5 0.000968615 
0.404375 1.00014 -1.01975e-08 1.00014 2.5 0.000968615 
0.405 1.00014 -1.15115e-08 1.00014 2.5 0.000968615 
0.405625 1.00014 -1.09541e-08 1.00014 2.5 0.000968615 
0.40625 1.00014 -7.25036e-09 1.00014 2.5 0.000968615 
0.406875 1.00014 1.20375e-09 1.00014 2.5 0.000968615 
0.4075 1.00014 1.21919e-08 1.00014 2.5 0.000968615 
0.408125 1.00014 1.98321e-08 1.00014 2.5 0.000968615 
0.40875 1.00014 1.8346e-08 1.00014 2.5 0.000968615 
0.409375 1.00014 7.83402e-09 1.00014 2.5 0.000968615 
0.41 1.00014 -8.79498e-10 1.00014 2.5 0.000968615 
0.410625 1.00014 -1.31939e-08 1.00014 2.5 0.000968615 
0.41125 1.00014 -3.15321e-08 1.00014 2.5 0.000968615 
0.411875 1.00014 -5.30606e-08 1.00014 2.5 0.000968615 
0.4125 1.00014 -7.38558e-08 1.00014 2.5 0.000968615 
0.413125 1.00014 -8.9542e-08 1.00014 2.5 0.000968615 
0.41375 1.00014 -9.38178e-08 1.00014 2.5 0.000968615 
0.414375 1.00014 -8.03427e-08 1.00014 2.5 0.000968615 
0.415 1.00014 -3.48815e-08 1.00014 2.5 0.000968615 
0.415625 1.00014 4.37218e-08 1.00014 2.5 0.000968615 
0.41625 1.00014 1.22773e-07 1.00014 2.5 0.000968615 
0.416875 1.00014 1.55362e-07 1.00014 2.5 0.000968615 
0.4175 1.00014 1.08468e-07 1.00014 2.5 0.000968615 
0.418125 1.00014 3.60279e-08 1.00014 2.5 0.000968615 
0.41875 1.00014 -2.67845e-08 1.00014 2.5 0.000968615 
0.419375 1.00014 -1.30188e-07 1.00014 2.5 0.000968615 
0.42 1.00014 -2.71892e-07 1.00014 2.5 0.000968615 
0.420625 1.00014 -4.27085e-07 1.00014 2.5 0.000968615 
0.42125 1.00014 -5.70146e-07 1.00014 2.5 0.000968614 
0.421875 1.00014 -6.69021e-07 1.00014 2.5 0.000968614 
0.4225 1.00014 -6.78836e-07 1.00014 2.5 0.000968614 
0.423125 1.00014 -5.52722e-07 1.00014 2.5 0.000968614 
0.42375 1.00014 -1.86171e-07 1.00014 2.5 0.000968615 
0.424375 1.00014 3.81068e-07 1.00014 2.5 0.000968615 
0.425 1.00014 8.88649e-07 1.00014 2.5 0.000968615 
0.425625 1.00014 1.02768e-06 1.00014 2.5 0.000968615 
0.42625 1.00014 6.56453e-07 1.00014 2.5 0.000968615 
0.426875 1.00014 2.35318e-07 1.00014 2.5 0.000968615 
0.4275 1.00014 -1.66321e-07 1.00014 2.5 0.000968615 
0.428125 1.00014 -8.40157e-07 1.00014 2.5 0.000968614 
0.42875 1.00014 -1.74499e-06 1.00014 2.5 0.000968614 
0.429375 1.00014 -2.72623e-06 1.00014 2.5 0.000968613 
0.43 1.00014 -3.63959e-06 1.00014 2.5 0.000968613 
0.430625 1.00014 -4.30079e-06 1.00014 2.5 0.000968612 
0.43125 1.00014 -4.43492e-06 1.00014 2.5 0.000968612 
0.431875 1.00014 -3.77115e-06 1.00014 2.5 0.000968612 
0.4325 1.00014 -1.69647e-06 1.00014 2.5 0.000968613 
0.433125 1.00014 1.69697e-06 1.00014 2.5 0.000968615 
0.43375 1.00014 4.93628e-06 1.00014 2.5 0.000968617 
0.434375 1.00014 6.1528e-06 1.00014 2.5 0.000968618 
0.435 1.00014 4.31894e-06 1.00013 2.5 0.000968618 
0.435625 1.00014 1.89898e-06 1.00014 2.5 0.000968617 
0.43625 1.00014 1.80995e-08 1.00014 2.5 0.000968615 
0.436875 1.00014 -3.3449e-06 1.00014 2.5 0.000968613 
0.4375 1.00014 -8.1148e-06 1.00014 2.5 0.00096861 
0.438125 1.00015 -1.34685e-05 1.00015 2.50001 0.000968607 
0.43875 1.00015 -1.87191e-05 1.00015 2.50001 0.000968603 
0.439375 1.00015 -2.30856e-05 1.00016 2.50001 0.0009686 
0.44 1.00016 -2.5207e-05 1.00016 2.50002 0.000968598 
0.440625 1.00016 -2.37648e-05 1.00016 2.50002 0.000968599 
0.44125 1.00015 -1.63375e-05 1.00016 2.50001 0.000968603 
0.441875 1.00014 -7.73188e-07 1.00015 2.5 0.00096861 
0.4425 1.00013 1.79552e-05 1.00014 2.49999 0.000968621 
0.443125 1.00012 3.00405e-05 1.00012 2.49998 0.00096863 
0.44375 1.00012 2.78941e-05 1.00011 2.49998 0.000968633 
0.444375 1.00012 1.47685e-05 1.00012 2.49998 0.00096863 
0.445 1.00013 7.17486e-06 1.00012 2.49999 0.000968623 
0.445625 1.00014 -4.05142e-06 1.00014 2.5 0.000968615 
0.44625 1.00015 -2.30942e-05 1.00015 2.50001 0.000968604 
0.446875 1.00017 -4.67762e-05 1.00017 2.50003 0.000968589 
0.4475 1.00018 -7.17108e-05 1.00019 2.50004 0.000968572 
0.448125 1.0002 -9.54491e-05 1.00022 2.50006 0.000968555 
0.44875 1.00021 -0.000113909 1.00024 2.50008 0.000968542 
0.449375 1.00022 -0.000120479 1.00025 2.50008 0.000968535 
0.45 1.00022 -0.000109863 1.00025 2.50008 0.000968539 
0.450625 1.0002 -6.92423e-05 1.00023 2.50006 0.00096856 
0.45125 1.00016 5.57274e-06 1.00018 2.50002 0.000968598 
0.451875 1.00011 8.5477e-05 1.00012 2.49997 0.000968645 
0.4525 1.00007 0.000127418 1.00006 2.49993 0.000968681 
0.453125 1.00006 0.000105449 1.00004 2.49992 0.00096869 
0.45375 1.00008 5.68632e-05 1.00005 2.49994 0.000968675 
0.454375 1.0001 3.24993e-05 1.00008 2.49996 0.00096865 
0.455 1.00014 -1.11348e-05 1.00012 2.5 0.000968618 
0.455625 1.00018 -8.37031e-05 1.00018 2.50004 0.000968576 
0.45625 1.00024 -0.000171267 1.00025 2.5001 0.00096852 
0.456875 1.0003 -0.000263029 1.00034 2.50016 0.000968457 
0.457499 1.00037 -0.000351969 1.00043 2.50023 0.000968394 
0.458124 1.00042 -0.000424571 1.00051 2.50028 0.00096834 
0.458749 1.00046 -0.000458535 1.00057 2.50032 0.000968308 
0.459374 1.00045 -0.000435582 1.00058 2.50031 0.000968312 
0.459999 1.00039 -0.000320191 1.00052 2.50025 0.000968371 
0.460624 1.00027 -8.27655e-05 1.00037 2.50013 0.000968492 
0.461249 1.0001 0.000197617 1.00016 2.49996 0.000968651 
0.461874 0.999961 0.00037587 0.999948 2.49982 0.000968788 
0.462499 0.999902 0.000354593 0.999832 2.49976 0.000968845 
0.463124 0.999929 0.0001955 0.999835 2.49979 0.000968818 
0.463749 0.999995 0.000140744 0.99991 2.49986 0.000968755 
0.464374 1.00007 5.93354e-05 1.00001 2.49993 0.000968682 
0.464999 1.00017 -0.000109454 1.00014 2.50003 0.000968585 
0.465624 1.00031 -0.000325442 1.00032 2.50017 0.000968452 
0.466249 1.00047 -0.000555525 1.00054 2.50033 0.000968292 
0.466873 1.00065 -0.000791225 1.00078 2.50051 0.000968124 
0.467498 1.00081 -0.00101194 1.00101 2.50067 0.000967963 
0.468122 1.00095 -0.00117678 1.00122 2.50081 0.000967832 
0.468747 1.00102 -0.00123473 1.00134 2.50088 0.000967761 
0.469371 1.001 -0.00115378 1.00135 2.50086 0.000967787 
0.469996 1.00083 -0.000839651 1.00118 2.50069 0.000967946 
0.470621 1.00052 -0.000263949 1.0008 2.50038 0.000968244 
0.471246 1.00015 0.000343987 1.00031 2.50001 0.000968608 
0.471871 0.99985 0.000665958 0.999858 2.49971 0.000968896 
0.472497 0.99974 0.000556281 0.999626 2.4996 0.000969002 
0.473122 0.999783 0.000307652 0.999623 2.49964 0.00096896 
0.473747 0.999863 0.00030649 0.999719 2.49972 0.000968883 
0.474372 0.999933 0.000250242 0.999822 2.49979 0.000968815 
0.474997 1.00003 5.83063e-05 0.999951 2.4999 0.000968717 
0.475622 1.00019 -0.000183803 1.00014 2.50005 0.000968568 
0.476247 1.00038 -0.000437833 1.0004 2.50024 0.000968382 
0.476871 1.0006 -0.00072371 1.00069 2.50046 0.000968173 
0.477496 1.00083 -0.0010423 1.00101 2.50069 0.000967945 
0.47812 1.00108 -0.00136687 1.00136 2.50094 0.000967706 
0.478744 1.00132 -0.0016691 1.00169 2.50118 0.000967474 
0.479368 1.00153 -0.00192173 1.002 2.50139 0.000967274 
0.479992 1.00167 -0.00208546 1.00223 2.50154 0.000967131 
0.480616 1.00173 -0.00210904 1.00234 2.50159 0.000967081 
0.48124 1.00164 -0.00194125 1.00227 2.5015 0.000967168 
0.481865 1.00136 -0.00143734 1.00195 2.50122 0.000967439 
0.482489 1.00089 -0.000630188 1.00138 2.50075 0.00096789 
0.483115 1.00034 0.00019167 1.00065 2.50021 0.000968418 
0.48374 0.999877 0.000726538 0.999965 2.49974 0.00096887 
0.484365 0.999591 0.000914391 0.999494 2.49945 0.000969147 
0.484991 0.999474 0.000924653 0.999263 2.49934 0.00096926 
0.485616 0.999464 0.00089684 0.999203 2.49933 0.00096927 
0.486242 0.999535 0.000768103 0.999264 2.4994 0.000969201 
0.486867 0.999711 0.000449947 0.999466 2.49957 0.00096903 
0.487492 1.00002 -4.27632e-05 0.99984 2.49988 0.000968734 
0.488116 1.00045 -0.000685578 1.00039 2.50031 0.000968315 
0.488741 1.00099 -0.00146989 1.00111 2.50086 0.000967787 
0.489365 1.00163 -0.0023649 1.00197 2.5015 0.000967169 
0.489988 1.00233 -0.00330096 1.00292 2.5022 0.000966497 
0.490611 1.00302 -0.00419062 1.0039 2.50289 0.000965827 
0.491234 1.00365 -0.00493719 1.0048 2.50351 0.000965228 
0.491856 1.00411 -0.00542897 1.00553 2.50398 0.000964779 
0.492478 1.00434 -0.00554377 1.00594 2.5042 0.000964564 
0.493101 1.00422 -0.00520839 1.00592 2.50409 0.000964677 
0.493724 1.00368 -0.00415375 1.00533 2.50355 0.0009652 
0.494347 1.00275 -0.00248189 1.00418 2.50262 0.000966096 
0.494972 1.00171 -0.000965543 1.00276 2.50158 0.0009671 
0.495597 1.00094 -0.000352174 1.00158 2.50082 0.000967837 
0.496221 1.00061 -0.000631642 1.00093 2.50048 0.000968161 
0.496846 1.00045 -0.000622967 1.00064 2.50033 0.000968312 
0.497471 1.0001 0.000150929 1.00023 2.49998 0.00096865 
0.498097 0.999496 0.00140056 0.999487 2.49937 0.000969239 
0.498723 0.998945 0.00216858 0.998696 2.49882 0.000969773 
0.499349 0.998812 0.00171289 0.998342 2.49869 0.000969903 
0.499974 0.9991 0.000789227 0.998575 2.49898 0.000969622 
0.5006 0.999533 0.000473553 0.99912 2.49941 0.000969202 
0.501225 0.999985 -5.25089e-05 0.999745 2.49986 0.000968764 
0.501849 1.00055 -0.000956876 1.00049 2.50043 0.000968219 
0.502473 1.00126 -0.00198075 1.00143 2.50114 0.00096753 
0.503097 1.00206 -0.00298489 1.00251 2.50194 0.000966762 
0.50372 1.00288 -0.00398463 1.00366 2.50276 0.000965971 
0.504342 1.00369 -0.00495819 1.00481 2.50357 0.000965186 
0.504964 1.00447 -0.00584756 1.00592 2.50436 0.000964433 
0.505586 1.0052 -0.00663948 1.00697 2.50509 0.000963733 
0.506207 1.00588 -0.00737198 1.00794 2.50576 0.000963088 
0.506828 1.00651 -0.00809524 1.00885 2.50639 0.000962484 
0.507449 1.00712 -0.00884608 1.00971 2.507 0.000961901 
0.508069 1.00771 -0.00962616 1.01054 2.50759 0.000961336 
0.508688 1.00826 -0.0103765 1.01131 2.50813 0.000960816 
0.509308 1.00868 -0.0109541 1.01194 2.50855 0.000960414 
0.509927 1.00884 -0.0111242 1.01227 2.50872 0.000960258 
0.510547 1.00855 -0.0106439 1.01205 2.50843 0.000960538 
0.511168 1.00757 -0.00894906 1.01095 2.50745 0.000961475 
0.51179 1.0058 -0.00588132 1.0088 2.5057 0.000963159 
0.512414 1.00358 -0.00240806 1.00587 2.50348 0.000965298 
0.513039 1.00153 1.45018e-05 1.00293 2.50143 0.000967272 
0.513664 1.0002 0.000704706 1.00077 2.50011 0.000968556 
0.514289 0.999553 0.00045022 0.999577 2.49946 0.000969184 
0.514915 0.998981 0.0010966 0.998739 2.49889 0.000969739 
0.515542 0.997909 0.0032801 0.99745 2.49782 0.00097078 
0.51617 0.996398 0.00616099 0.995536 2.49631 0.000972252 
0.516799 0.995181 0.00779975 0.993734 2.49509 0.000973441 
0.517427 0.995041 0.00656292 0.993105 2.49495 0.000973578 
0.518054 0.996044 0.00391458 0.994034 2.49597 0.000972598 
0.51868 0.997671 0.00213125 0.996048 2.4976 0.000971011 
0.519305 0.999705 -0.000635406 0.998728 2.49965 0.000969036 
0.519928 1.00236 -0.00470639 1.00219 2.50232 0.000966474 
0.520548 1.00568 -0.00945752 1.00659 2.50567 0.000963277 
0.521166 1.00947 -0.0144469 1.01173 2.50948 0.000959661 
0.521782 1.01347 -0.0195 1.01729 2.5135 0.000955872 
0.522395 1.01746 -0.0243251 1.02294 2.51749 0.000952126 
0.523006 1.02119 -0.0285448 1.02835 2.52122 0.000948645 
0.523615 1.02444 -0.0318958 1.03317 2.52445 0.000945642 
0.524223 1.02701 -0.0342652 1.03712 2.527 0.00094327 
0.52483 1.02883 -0.0356559 1.04003 2.52881 0.000941601 
0.525437 1.02989 -0.036154 1.04185 2.52986 0.000940631 
0.526043 1.03025 -0.0360189 1.04264 2.53021 0.000940307 
0.52665 1.02999 -0.0353153 1.0425 2.52996 0.000940546 
0.527258 1.02927 -0.034218 1.04163 2.52926 0.0009412 
0.527866 1.02837 -0.0333971 1.04037 2.52838 0.00094203 
0.528474 1.02733 -0.032708 1.03894 2.52737 0.000942977 
0.529084 1.02572 -0.0305586 1.03691 2.52579 0.000944458 
0.529696 1.02292 -0.0255487 1.03349 2.52304 0.000947042 
0.530311 1.0191 -0.0189339 1.02856 2.51928 0.000950589 
0.530928 1.01562 -0.0143238 1.02355 2.51585 0.000953846 
0.531546 1.0141 -0.0145607 1.02059 2.51436 0.000955284 
0.532161 1.01479 -0.0187531 1.02064 2.51507 0.00095463 
0.532775 1.01654 -0.0201809 1.02264 2.51681 0.000952991 
0.533388 1.0186 -0.0224195 1.02542 2.51888 0.000951058 
0.534 1.02145 -0.0271551 1.02911 2.52172 0.000948411 
0.534608 1.02544 -0.0332718 1.03426 2.52571 0.000944719 
0.535213 1.03034 -0.0399698 1.04081 2.53059 0.000940228 
0.535814 1.03575 -0.0471468 1.04829 2.53599 0.00093531 
0.536413 1.04132 -0.05433 1.05615 2.54151 0.000930313 
0.537008 1.0465 -0.0606015 1.06372 2.54664 0.000925702 
0.537601 1.05061 -0.0650272 1.07007 2.55069 0.000922084 
0.538194 1.05285 -0.0665891 1.0741 2.5529 0.000920119 
0.538788 1.05237 -0.0647076 1.07461 2.55246 0.000920545 
0.539385 1.04822 -0.0571358 1.07027 2.54846 0.000924188 
0.539989 1.04015 -0.042837 1.06048 2.54064 0.000931359 
0.540601 1.02977 -0.0267409 1.04676 2.53052 0.000940747 
0.541217 1.02037 -0.0158822 1.03308 2.52131 0.000949406 
0.541835 1.01474 -0.0134292 1.02353 2.51577 0.000954681 
0.542452 1.0128 -0.0166205 1.01918 2.51388 0.000956505 
0.543069 1.01187 -0.0155881 1.01738 2.51296 0.000957391 
0.543689 1.00943 -0.00991114 1.01458 2.51055 0.000959703 
0.544313 1.00549 -0.00235415 1.00973 2.50665 0.00096346 
0.544939 1.00216 0.00187974 1.00486 2.50333 0.000966665 
0.545563 1.00147 -0.00121562 1.00283 2.50268 0.000967329 
0.546184 1.00333 -0.00691292 1.00437 2.50456 0.000965539 
0.546805 1.00604 -0.00913966 1.00781 2.5073 0.00096293 
0.547424 1.00882 -0.0126143 1.01169 2.51009 0.000960284 
0.54804 1.01199 -0.0177767 1.016 2.51328 0.000957273 
0.548654 1.01553 -0.0228546 1.02084 2.51683 0.000953936 
0.549267 1.01878 -0.0268212 1.02555 2.52008 0.000950889 
0.549878 1.02106 -0.0292787 1.02918 2.52236 0.000948768 
0.550489 1.02172 -0.029429 1.03079 2.52303 0.000948153 
0.551102 1.01996 -0.0262516 1.02932 2.5213 0.000949791 
0.551719 1.01498 -0.0172369 1.02364 2.5164 0.00095445 
0.552343 1.00699 -0.00338823 1.01366 2.50849 0.000962025 
0.552973 0.997958 0.0100302 1.00144 2.4995 0.000970732 
0.553608 0.990784 0.0175369 0.990678 2.49233 0.000977761 
0.554242 0.987259 0.0178699 0.984278 2.48881 0.000981252 
0.554874 0.986731 0.014592 0.982307 2.48829 0.000981777 
0.555508 0.987053 0.0151861 0.982392 2.48862 0.000981456 
0.556141 0.987107 0.0163142 0.98258 2.48868 0.000981404 
0.556774 0.987526 0.0151628 0.983026 2.48911 0.000980987 
0.557406 0.989046 0.0112351 0.984699 2.49065 0.000979479 
0.558035 0.991451 0.00767606 0.987687 2.49309 0.000977103 
0.558663 0.994216 0.00386054 0.991398 2.49589 0.000974386 
0.559289 0.997076 -0.000317684 0.995363 2.49878 0.000971591 
0.559913 0.999723 -0.00404816 0.999159 2.50145 0.000969019 
0.560536 1.00156 -0.00623601 1.00206 2.5033 0.000967241 
0.561159 1.00181 -0.00598644 1.00306 2.50357 0.000966995 
0.561784 0.999592 -0.00220283 1.00096 2.50136 0.000969146 
0.562415 0.994143 0.00757158 0.994643 2.49592 0.000974458 
0.563052 0.985786 0.0219287 0.984159 2.48754 0.000982719 
0.563696 0.976538 0.0356287 0.971666 2.47821 0.000992024 
0.564345 0.969175 0.0435126 0.960719 2.47074 0.000999561 
0.564993 0.965318 0.0445223 0.953996 2.46683 0.00100355 
0.565641 0.964303 0.0420527 0.95146 2.4658 0.00100461 
0.566289 0.964043 0.0428543 0.950793 2.46553 0.00100488 
0.566939 0.963253 0.0453221 0.949917 2.46472 0.00100571 
0.567589 0.962429 0.0469353 0.948807 2.46388 0.00100657 
0.568238 0.962681 0.044815 0.948742 2.46414 0.0010063 
0.568886 0.964233 0.0409254 0.950375 2.46573 0.00100468 
0.569532 0.966416 0.038179 0.953141 2.46797 0.00100242 
0.570176 0.968735 0.0350079 0.956297 2.47035 0.00100002 
0.570819 0.971124 0.0313511 0.959582 2.47279 0.000997555 
0.57146 0.97335 0.0281863 0.962735 2.47507 0.000995274 
0.5721 0.974866 0.0264873 0.96512 2.47662 0.000993727 
0.572741 0.975024 0.0268501 0.965878 2.47678 0.000993564 
0.573383 0.973151 0.0302532 0.964082 2.47488 0.000995477 
0.57403 0.968765 0.0384374 0.958994 2.47043 0.000999984 
0.574682 0.962342 0.0497763 0.950911 2.46387 0.00100666 
0.575339 0.955724 0.0595706 0.941861 2.45709 0.00101363 
0.575999 0.951216 0.0636564 0.934839 2.45246 0.00101843 
0.576657 0.949854 0.0611505 0.931749 2.45107 0.00101989 
0.577314 0.950587 0.0580098 0.931946 2.45183 0.00101911 
0.57797 0.951708 0.0577847 0.933339 2.45299 0.00101791 
0.578626 0.952769 0.0564291 0.934821 2.45407 0.00101677 
0.579281 0.954259 0.0533509 0.9367 2.45561 0.00101519 
0.579933 0.95625 0.0499225 0.939242 2.45766 0.00101307 
0.580585 0.958263 0.0470365 0.942005 2.45974 0.00101094 
0.581235 0.95976 0.0450385 0.944266 2.46127 0.00100937 
0.581886 0.960214 0.0446035 0.94529 2.46174 0.00100889 
0.582537 0.958929 0.0467029 0.944185 2.46042 0.00101024 
0.583192 0.955121 0.0535189 0.939907 2.45652 0.00101427 
0.583853 0.948659 0.0651878 0.932036 2.44987 0.00102118 
0.584521 0.940816 0.0779842 0.921808 2.44177 0.00102969 
0.585194 0.933914 0.0869029 0.91202 2.4346 0.0010373 
0.585868 0.929844 0.0895158 0.905412 2.43036 0.00104184 
0.586541 0.92873 0.0870572 0.902797 2.4292 0.00104309 
0.587213 0.929065 0.0858422 0.90272 2.42955 0.00104271 
0.587886 0.9295 0.0863663 0.903279 2.42999 0.00104223 
0.588558 0.930059 0.0855829 0.903991 2.43057 0.0010416 
0.589229 0.931348 0.0825761 0.905471 2.43192 0.00104016 
0.589897 0.933461 0.0789529 0.908044 2.43413 0.0010378 
0.590564 0.93608 0.0750408 0.911431 2.43687 0.0010349 
0.591229 0.938916 0.0708482 0.915227 2.43983 0.00103177 
0.591892 0.941692 0.0667997 0.919051 2.44273 0.00102873 
0.592553 0.943967 0.0637144 0.922358 2.4451 0.00102625 
0.593213 0.945135 0.062545 0.924375 2.44631 0.00102499 
0.593875 0.944456 0.0639842 0.924138 2.44561 0.00102573 
0.594539 0.941121 0.0699843 0.920561 2.44216 0.00102936 
0.59521 0.934844 0.0815596 0.913069 2.43565 0.00103627 
0.595888 0.926694 0.0953638 0.902635 2.42715 0.00104538 
0.596571 0.919007 0.105966 0.892001 2.41909 0.00105413 
0.597258 0.913934 0.110094 0.884161 2.41376 0.00105998 
0.597943 0.911869 0.108801 0.88028 2.41158 0.00106238 
0.598629 0.911305 0.108005 0.878991 2.41098 0.00106304 
0.599315 0.910437 0.110323 0.877946 2.41005 0.00106405 
0.600004 0.90885 0.114089 0.876068 2.40836 0.00106591 
0.600694 0.907572 0.116101 0.874229 2.407 0.00106741 
0.601383 0.907732 0.113551 0.873925 2.40718 0.00106722 
0.602069 0.90931 0.109555 0.875552 2.40886 0.00106537 
0.602754 0.911461 0.106826 0.878261 2.41114 0.00106285 
0.603438 0.913715 0.103658 0.881274 2.41354 0.00106023 
0.604119 0.916083 0.0998009 0.884436 2.41605 0.00105749 
0.604799 0.918378 0.0962341 0.887577 2.41848 0.00105485 
0.605477 0.920057 0.0940267 0.890082 2.42026 0.00105292 
0.606156 0.920446 0.0939204 0.89108 2.42067 0.00105248 
0.606835 0.918816 0.0967116 0.889602 2.41896 0.00105435 
0.60752 0.914511 0.104717 0.88473 2.41444 0.00105931 
0.608211 0.907685 0.117221 0.876393 2.40723 0.00106728 
0.608909 0.899885 0.129952 0.866207 2.39895 0.00107653 
0.609612 0.893422 0.138084 0.857036 2.39207 0.00108431 
0.610316 0.889845 0.139914 0.851229 2.38825 0.00108867 
0.611019 0.888858 0.137674 0.849023 2.3872 0.00108988 
0.611721 0.888833 0.137517 0.848683 2.38717 0.00108991 
0.612425 0.888584 0.138874 0.848443 2.3869 0.00109022 
0.613129 0.888305 0.139764 0.848073 2.3866 0.00109056 
0.613833 0.888765 0.137797 0.848423 2.3871 0.00108999 
0.614534 0.890147 0.134579 0.849959 2.38859 0.0010883 
0.615234 0.892001 0.131783 0.852288 2.39059 0.00108604 
0.615933 0.893937 0.128876 0.854857 2.39268 0.00108369 
0.61663 0.895766 0.125922 0.85735 2.39465 0.00108148 
0.617326 0.897165 0.123769 0.859384 2.39615 0.00107979 
0.618021 0.897565 0.123403 0.860276 2.39659 0.00107931 
0.618718 0.896243 0.125638 0.859108 2.39518 0.0010809 
0.619419 0.892519 0.132568 0.854949 2.39121 0.00108541 
0.620126 0.886412 0.144011 0.847587 2.38467 0.00109289 
0.620841 0.879217 0.156217 0.838333 2.37693 0.00110183 
0.62156 0.87305 0.164562 0.829752 2.37026 0.00110962 
0.62228 0.869491 0.166929 0.824137 2.36641 0.00111416 
0.623 0.86849 0.164784 0.821966 2.36533 0.00111544 
0.623719 0.868641 0.163939 0.821811 2.3655 0.00111525 
0.624438 0.868772 0.164633 0.822011 2.36564 0.00111508 
0.625158 0.868908 0.164712 0.822184 2.36579 0.0011149 
0.625877 0.869593 0.162597 0.822897 2.36654 0.00111403 
0.626594 0.870933 0.159864 0.824457 2.368 0.00111231 
0.62731 0.872591 0.157187 0.826559 2.36981 0.0011102 
0.628024 0.874244 0.15457 0.828762 2.37162 0.0011081 
0.628737 0.875621 0.152342 0.830691 2.37312 0.00110636 
0.62945 0.87632 0.151332 0.831855 2.37388 0.00110547 
0.630163 0.875755 0.152307 0.831538 2.37327 0.00110619 
0.630879 0.87323 0.156878 0.828846 2.37054 0.00110939 
0.6316 0.868447 0.166092 0.823251 2.36535 0.0011155 
0.632327 0.86215 0.177562 0.815396 2.35849 0.00112364 
0.63306 0.856136 0.186821 0.80733 2.35191 0.00113154 
0.633796 0.852211 0.190631 0.801456 2.34761 0.00113675 
0.634531 0.850904 0.18897 0.798891 2.34618 0.0011385 
0.635265 0.851185 0.186855 0.798775 2.34649 0.00113812 
0.635998 0.851723 0.186894 0.799422 2.34709 0.0011374 
0.636732 0.852211 0.186432 0.80008 2.34763 0.00113675 
0.637464 0.853049 0.184414 0.80106 2.34855 0.00113563 
0.638196 0.854373 0.181714 0.802645 2.35001 0.00113387 
0.638925 0.855889 0.179131 0.804585 2.35168 0.00113186 
0.639654 0.857204 0.17702 0.80639 2.35313 0.00113013 
0.640382 0.857926 0.175899 0.807543 2.35393 0.00112917 
0.64111 0.857557 0.176434 0.807421 2.35353 0.00112966 
0.64184 0.855418 0.180136 0.805184 2.35119 0.00113249 
0.642576 0.851068 0.188514 0.800173 2.34641 0.00113828 
0.643318 0.844965 0.199914 0.7927 2.33968 0.0011465 
0.644066 0.838651 0.21031 0.784462 2.33269 0.00115513 
0.644818 0.833937 0.216009 0.77777 2.32745 0.00116166 
0.64557 0.831705 0.216415 0.774081 2.32497 0.00116478 
0.646322 0.831349 0.21428 0.773059 2.32457 0.00116527 
0.647073 0.831565 0.214241 0.773194 2.32482 0.00116497 
0.647825 0.831703 0.214685 0.773408 2.32497 0.00116478 
0.648576 0.832036 0.213932 0.773769 2.32534 0.00116431 
0.649327 0.832927 0.211636 0.77475 2.32634 0.00116307 
0.650075 0.834294 0.209056 0.776389 2.32787 0.00116116 
0.650823 0.835829 0.2065 0.778346 2.32959 0.00115903 
0.651569 0.837254 0.204122 0.780247 2.33118 0.00115706 
0.652314 0.838262 0.20244 0.7817 2.33231 0.00115567 
0.653058 0.838388 0.202262 0.782149 2.33245 0.00115549 
0.653805 0.836999 0.204526 0.78082 2.33091 0.00115741 
0.654555 0.833506 0.211221 0.77692 2.32702 0.00116226 
0.655311 0.827985 0.221845 0.77034 2.32086 0.00117001 
0.656075 0.821624 0.233069 0.762301 2.31372 0.00117907 
0.656843 0.816206 0.240844 0.754958 2.30762 0.00118689 
0.657614 0.812968 0.2434 0.750095 2.30396 0.00119162 
0.658384 0.811812 0.242179 0.747995 2.30265 0.00119332 
0.659154 0.811562 0.241781 0.747438 2.30237 0.00119369 
0.659924 0.811173 0.243049 0.746997 2.30192 0.00119426 
0.660696 0.810609 0.244686 0.746317 2.30128 0.00119509 
0.661468 0.810518 0.244366 0.746045 2.30118 0.00119522 
0.662238 0.811282 0.241724 0.746773 2.30206 0.0011941 
0.663007 0.81267 0.239136 0.748391 2.30364 0.00119206 
0.663774 0.814296 0.236593 0.750432 2.30549 0.00118968 
0.664539 0.81599 0.233774 0.752606 2.30742 0.00118721 
0.665303 0.817619 0.230978 0.754739 2.30927 0.00118484 
0.666066 0.818864 0.228978 0.756477 2.31069 0.00118304 
0.666828 0.81925 0.228562 0.757249 2.31113 0.00118248 
0.667591 0.8182 0.230399 0.756336 2.30995 0.001184 
0.668358 0.815194 0.2363 0.753039 2.30656 0.00118837 
0.669131 0.810304 0.246023 0.747269 2.30102 0.00119554 
0.66991 0.804629 0.256297 0.740143 2.29457 0.00120397 
0.670694 0.799882 0.262949 0.733716 2.28916 0.00121112 
0.671479 0.7972 0.264329 0.729645 2.28609 0.00121519 
0.672264 0.79622 0.262463 0.72791 2.28497 0.00121669 
0.673049 0.795389 0.263108 0.726846 2.28401 0.00121796 
0.673837 0.793348 0.267397 0.724624 2.28167 0.00122109 
0.674629 0.78998 0.274697 0.720712 2.27779 0.0012263 
0.675426 0.786353 0.281516 0.716136 2.27361 0.00123195 
0.676225 0.783938 0.284461 0.712683 2.27082 0.00123575 
0.677023 0.783437 0.282278 0.7115 2.27025 0.00123654 
0.67782 0.784238 0.279429 0.71218 2.27118 0.00123527 
0.678615 0.785317 0.278208 0.7135 2.27243 0.00123358 
0.67941 0.786325 0.276816 0.714808 2.2736 0.001232 
0.680204 0.787422 0.274646 0.716178 2.27487 0.00123028 
0.680996 0.788592 0.272352 0.717654 2.27622 0.00122846 
0.681787 0.789506 0.270817 0.718907 2.27728 0.00122703 
0.682578 0.789734 0.270623 0.719409 2.27754 0.00122668 
0.68337 0.78882 0.272305 0.718578 2.27648 0.0012281 
0.684164 0.786397 0.277212 0.715921 2.27368 0.00123188 
0.684964 0.782613 0.284958 0.711471 2.26931 0.00123784 
0.685769 0.778399 0.292737 0.706191 2.26441 0.00124454 
0.686577 0.775101 0.297241 0.701702 2.26057 0.00124984 
0.687386 0.77349 0.297161 0.699172 2.25869 0.00125244 
0.688194 0.773055 0.295342 0.698317 2.25818 0.00125315 
0.689003 0.772454 0.296081 0.697646 2.25748 0.00125412 
0.689813 0.770666 0.299882 0.69574 2.25539 0.00125703 
0.690629 0.767671 0.306272 0.692288 2.25188 0.00126193 
0.691448 0.764313 0.312647 0.68813 2.24793 0.00126748 
0.69227 0.7617 0.31631 0.68461 2.24485 0.00127183 
0.693093 0.760435 0.316579 0.682648 2.24336 0.00127394 
0.693915 0.7602 0.315251 0.682097 2.24308 0.00127434 
0.694737 0.760157 0.315407 0.682019 2.24302 0.00127441 
0.69556 0.759806 0.316599 0.681669 2.2426 0.001275 
0.696383 0.759318 0.317882 0.68108 2.24202 0.00127582 
0.697207 0.75915 0.317794 0.680767 2.24181 0.0012761 
0.69803 0.759505 0.316216 0.681066 2.24222 0.0012755 
0.698852 0.760181 0.314752 0.681836 2.24302 0.00127437 
0.699673 0.76087 0.313575 0.682702 2.24383 0.00127321 
0.700494 0.761388 0.312516 0.683395 2.24443 0.00127235 
0.701314 0.761556 0.311921 0.683699 2.24462 0.00127207 
0.702135 0.761001 0.312516 0.683201 2.24396 0.001273 
0.702957 0.759198 0.315592 0.681277 2.24183 0.00127602 
0.703784 0.755817 0.322245 0.677452 2.23783 0.00128173 
0.704618 0.751136 0.331345 0.671914 2.23228 0.00128971 
0.705458 0.74609 0.34041 0.665675 2.22627 0.00129844 
0.706302 0.741756 0.347095 0.660062 2.22109 0.00130602 
0.70715 0.738783 0.35068 0.656002 2.21752 0.00131128 
0.707999 0.737182 0.351887 0.653663 2.21559 0.00131413 
0.708847 0.736558 0.35189 0.652647 2.21483 0.00131524 
0.709696 0.736466 0.35156 0.652407 2.21471 0.0013154 
0.710545 0.736674 0.351083 0.652593 2.21495 0.00131503 
0.711393 0.737165 0.350009 0.653127 2.21554 0.00131416 
0.712239 0.737987 0.348192 0.65406 2.21652 0.00131269 
0.713085 0.73909 0.345909 0.655359 2.21784 0.00131073 
0.713929 0.740285 0.343562 0.656825 2.21926 0.00130862 
0.714771 0.741293 0.341634 0.658136 2.22047 0.00130684 
0.715613 0.741749 0.340744 0.658856 2.22101 0.00130603 
0.716456 0.741171 0.341594 0.658416 2.22031 0.00130706 
0.717301 0.738978 0.345708 0.656113 2.21768 0.00131093 
0.718152 0.73491 0.354178 0.651535 2.21278 0.00131819 
0.71901 0.72953 0.365099 0.645168 2.20629 0.00132791 
0.719876 0.724181 0.374782 0.638499 2.19981 0.00133772 
0.720746 0.720234 0.380195 0.633248 2.195 0.00134505 
0.721617 0.718211 0.381207 0.630283 2.19253 0.00134884 
0.722488 0.717537 0.380105 0.629152 2.1917 0.00135011 
0.723359 0.717152 0.38056 0.628643 2.19122 0.00135083 
0.724232 0.716448 0.382477 0.627865 2.19034 0.00135216 
0.725106 0.715622 0.384496 0.626863 2.18932 0.00135372 
0.725981 0.715268 0.384559 0.626295 2.18888 0.00135439 
0.726854 0.715621 0.382506 0.626557 2.18931 0.00135372 
0.727726 0.716329 0.380804 0.627353 2.19017 0.00135238 
0.728598 0.716917 0.379836 0.628115 2.19088 0.00135127 
0.729469 0.717117 0.379419 0.628459 2.19112 0.00135089 
0.73034 0.716706 0.379859 0.628111 2.1906 0.00135167 
0.731214 0.715315 0.382313 0.626654 2.1889 0.0013543 
0.732091 0.712667 0.387872 0.623714 2.18565 0.00135933 
0.732973 0.709002 0.395505 0.61945 2.18114 0.00136636 
0.733861 0.705184 0.402756 0.614785 2.17643 0.00137376 
0.734753 0.702222 0.407209 0.610938 2.17276 0.00137955 
0.735646 0.70059 0.408269 0.608626 2.17073 0.00138276 
0.736539 0.699942 0.407507 0.607627 2.16992 0.00138404 
0.737432 0.699446 0.407984 0.60702 2.1693 0.00138502 
0.738327 0.698494 0.410272 0.605982 2.1681 0.00138691 
0.739224 0.697169 0.413395 0.604447 2.16645 0.00138955 
0.740123 0.696098 0.415414 0.603063 2.16511 0.00139168 
0.741022 0.695778 0.414579 0.602481 2.16471 0.00139233 
0.741919 0.696076 0.412629 0.602709 2.16507 0.00139173 
0.742816 0.696385 0.411904 0.603103 2.16545 0.00139111 
0.743714 0.696172 0.412299 0.60298 2.16518 0.00139154 
0.744612 0.695143 0.41417 0.60193 2.16389 0.0013936 
0.745514 0.693156 0.418217 0.599749 2.16141 0.00139759 
0.74642 0.69034 0.4241 0.596524 2.15789 0.00140329 
0.74733 0.687215 0.430379 0.592793 2.15397 0.00140967 
0.748245 0.684545 0.434943 0.589437 2.15062 0.00141517 
0.749161 0.682917 0.436746 0.587219 2.14856 0.00141855 
0.750078 0.682341 0.43591 0.586289 2.14783 0.00141974 
0.750993 0.682252 0.435067 0.586093 2.14771 0.00141993 
0.75191 0.681996 0.435515 0.585846 2.14739 0.00142046 
0.752827 0.681236 0.437094 0.585052 2.14642 0.00142205 
0.753746 0.679989 0.439695 0.583661 2.14484 0.00142466 
0.754668 0.67847 0.442641 0.581891 2.14292 0.00142785 
0.755592 0.676935 0.445326 0.58004 2.14097 0.00143108 
0.756517 0.675576 0.447388 0.578363 2.13924 0.00143396 
0.757444 0.674437 0.448953 0.576944 2.13779 0.00143638 
0.758372 0.673426 0.450264 0.575704 2.1365 0.00143854 
0.759302 0.672386 0.451805 0.574467 2.13517 0.00144077 
0.760233 0.671174 0.453805 0.573058 2.13362 0.00144337 
0.761167 0.669713 0.456392 0.571367 2.13176 0.00144652 
0.762103 0.668033 0.459436 0.569409 2.12961 0.00145015 
0.763041 0.666229 0.462717 0.56728 2.12731 0.00145408 
0.763982 0.664447 0.465825 0.565147 2.12502 0.00145798 
0.764926 0.662832 0.468549 0.563184 2.12295 0.00146153 
0.765871 0.661485 0.470657 0.56152 2.12122 0.00146451 
0.766818 0.660428 0.472123 0.5602 2.11986 0.00146685 
0.767766 0.659603 0.473159 0.559172 2.11879 0.00146869 
0.768714 0.658883 0.474104 0.558298 2.11786 0.00147029 
0.769664 0.658124 0.475247 0.557408 2.11687 0.00147199 
0.770615 0.657226 0.476741 0.556373 2.11571 0.001474 
0.771568 0.656151 0.478647 0.555136 2.11432 0.00147642 
0.772522 0.654909 0.480837 0.553698 2.11271 0.00147921 
0.773479 0.653537 0.483198 0.552099 2.11094 0.00148232 
0.774437 0.65207 0.485732 0.550383 2.10904 0.00148565 
0.775399 0.650524 0.488391 0.548571 2.10703 0.00148918 
0.776362 0.648923 0.491194 0.546691 2.10495 0.00149286 
0.777328 0.6473 0.49405 0.54478 2.10284 0.0014966 
0.778296 0.645716 0.496822 0.542903 2.10077 0.00150027 
0.779267 0.644246 0.49934 0.541147 2.09886 0.0015037 
0.780239 0.642958 0.501439 0.539593 2.09717 0.00150671 
0.781214 0.641882 0.503026 0.538283 2.09576 0.00150923 
0.782189 0.640986 0.504242 0.537195 2.09459 0.00151134 
0.783165 0.640155 0.505337 0.536208 2.0935 0.00151331 
0.784143 0.639225 0.506718 0.535142 2.09227 0.00151551 
0.785122 0.638044 0.508851 0.533815 2.09072 0.00151831 
0.786104 0.636555 0.511741 0.532135 2.08876 0.00152186 
0.787089 0.634846 0.515089 0.530174 2.08652 0.00152596 
0.788077 0.633114 0.518363 0.528147 2.08423 0.00153014 
0.789067 0.631549 0.521019 0.526278 2.08217 0.00153393 
0.790059 0.630256 0.52296 0.524713 2.08046 0.00153707 
0.791053 0.629204 0.524425 0.523441 2.07907 0.00153964 
0.792047 0.628263 0.525789 0.522326 2.07782 0.00154195 
0.793044 0.627291 0.527271 0.521203 2.07653 0.00154434 
0.794042 0.626201 0.529201 0.519964 2.07508 0.00154703 
0.795042 0.624943 0.531525 0.518535 2.07341 0.00155014 
0.796045 0.623528 0.534059 0.51692 2.07153 0.00155366 
0.79705 0.622035 0.536857 0.515204 2.06954 0.00155739 
0.798057 0.620529 0.539656 0.513455 2.06753 0.00156117 
0.799067 0.619086 0.542085 0.511767 2.0656 0.00156481 
0.800079 0.617783 0.544333 0.510232 2.06386 0.00156811 
0.801093 0.616602 0.546184 0.508842 2.06228 0.00157111 
0.802109 0.61548 0.547899 0.507536 2.06077 0.00157398 
0.803126 0.614336 0.549891 0.506226 2.05924 0.00157691 
0.804146 0.613072 0.552158 0.504791 2.05754 0.00158016 
0.805168 0.611672 0.554761 0.503203 2.05566 0.00158377 
0.806192 0.6102 0.557589 0.501522 2.05368 0.00158759 
0.807219 0.608746 0.560254 0.49984 2.05171 0.00159139 
0.808248 0.607393 0.562571 0.498262 2.04989 0.00159493 
0.80928 0.606158 0.564557 0.496822 2.04822 0.00159818 
0.810313 0.604985 0.566469 0.495467 2.04663 0.00160128 
0.811348 0.603784 0.568573 0.494097 2.045 0.00160446 
0.812385 0.602502 0.570897 0.492643 2.04326 0.00160788 
0.813425 0.601163 0.573382 0.491121 2.04143 0.00161146 
0.814468 0.599821 0.575886 0.489585 2.03961 0.00161507 
0.815512 0.598515 0.578155 0.488083 2.03783 0.00161859 
0.816559 0.597269 0.580257 0.48665 2.03612 0.00162197 
0.817607 0.59606 0.582376 0.485268 2.03447 0.00162525 
0.818658 0.594832 0.584556 0.483871 2.03279 0.00162861 
0.819711 0.593544 0.586889 0.482415 2.03102 0.00163214 
0.820767 0.592202 0.589395 0.480898 2.02918 0.00163584 
0.821825 0.590821 0.591996 0.479333 2.02728 0.00163967 
0.822885 0.58944 0.594462 0.477764 2.02538 0.00164351 
0.823948 0.588104 0.596974 0.47624 2.02354 0.00164724 
0.825014 0.58681 0.599275 0.474762 2.02176 0.00165087 
0.826081 0.585547 0.601446 0.473325 2.02001 0.00165443 
0.827151 0.584306 0.603661 0.471919 2.01829 0.00165795 
0.828223 0.583054 0.605934 0.470507 2.01656 0.00166151 
0.829298 0.581777 0.608331 0.469068 2.01479 0.00166516 
0.830374 0.580471 0.610756 0.467596 2.01297 0.0016689 
0.831454 0.579154 0.613125 0.466111 2.01114 0.0016727 
0.832535 0.577847 0.615545 0.464638 2.00932 0.00167648 
0.833619 0.576535 0.617946 0.463161 2.00748 0.0016803 
0.834706 0.575203 0.620366 0.461666 2.00562 0.00168419 
0.835795 0.573852 0.622953 0.46015 2.00373 0.00168815 
0.836887 0.572473 0.625528 0.458604 2.0018 0.00169222 
0.837982 0.571093 0.628028 0.457057 1.99986 0.00169631 
0.839079 0.569752 0.630604 0.45555 1.99798 0.0017003 
0.840179 0.568439 0.633077 0.454071 1.99613 0.00170423 
0.841281 0.567143 0.635331 0.452616 1.9943 0.00170812 
0.842385 0.565884 0.637676 0.451206 1.99252 0.00171192 
0.843492 0.564647 0.639994 0.449823 1.99078 0.00171567 
0.844602 0.563411 0.642283 0.448442 1.98903 0.00171944 
0.845714 0.562161 0.644596 0.44705 1.98725 0.00172326 
0.846828 0.560883 0.646956 0.445633 1.98544 0.00172719 
0.847945 0.559569 0.64951 0.444178 1.98357 0.00173124 
0.849064 0.558203 0.652139 0.442666 1.98162 0.00173548 
0.850187 0.5568 0.654826 0.441112 1.97962 0.00173985 
0.851313 0.555385 0.657647 0.439544 1.9776 0.00174428 
0.852441 0.553975 0.660264 0.437978 1.97559 0.00174872 
0.853572 0.552618 0.662841 0.436468 1.97365 0.00175302 
0.854706 0.551319 0.66541 0.435022 1.97178 0.00175715 
0.855842 0.550053 0.667625 0.433614 1.96996 0.00176119 
0.856981 0.548829 0.669874 0.432259 1.9682 0.00176512 
0.858122 0.54762 0.672248 0.430925 1.96646 0.00176902 
0.859266 0.546368 0.674568 0.429549 1.96465 0.00177307 
0.860413 0.545062 0.677114 0.428121 1.96276 0.00177732 
0.861562 0.5437 0.67984 0.426631 1.96079 0.00178177 
0.862715 0.542292 0.682592 0.425089 1.95875 0.0017864 
0.863871 0.540885 0.685426 0.423544 1.95671 0.00179104 
0.865029 0.539503 0.688088 0.422021 1.9547 0.00179563 
0.86619 0.538166 0.690583 0.420549 1.95276 0.0018001 
0.867355 0.536878 0.693102 0.419133 1.95088 0.00180441 
0.868521 0.5356 0.695468 0.417734 1.94901 0.00180872 
0.869691 0.534316 0.697951 0.416335 1.94713 0.00181307 
0.870864 0.533005 0.700651 0.414908 1.94521 0.00181753 
0.872039 0.531649 0.703294 0.413433 1.94323 0.00182216 
0.873218 0.53028 0.706075 0.411944 1.94122 0.00182686 
0.8744 0.528915 0.708744 0.410457 1.93921 0.00183158 
0.875584 0.527567 0.711337 0.408989 1.93722 0.00183626 
0.876772 0.526236 0.714057 0.40754 1.93526 0.00184091 
0.877963 0.524883 0.716586 0.406074 1.93326 0.00184565 
0.879157 0.52353 0.719208 0.404611 1.93125 0.00185042 
0.880353 0.522191 0.722085 0.403161 1.92927 0.00185517 
0.881553 0.520838 0.724725 0.401695 1.92726 0.00185998 
0.882757 0.519503 0.727322 0.400251 1.92527 0.00186476 
0.883963 0.518202 0.729984 0.398844 1.92333 0.00186944 
0.885172 0.516908 0.732522 0.397446 1.9214 0.00187412 
0.886384 0.515608 0.735134 0.396046 1.91946 0.00187885 
0.887599 0.51428 0.737783 0.394621 1.91747 0.0018837 
0.888817 0.512921 0.74045 0.393166 1.91544 0.00188869 
0.890039 0.511549 0.743428 0.391697 1.91338 0.00189376 
0.891264 0.510143 0.746337 0.39019 1.91127 0.00189898 
0.892492 0.508728 0.749023 0.388674 1.90914 0.00190426 
0.893724 0.507359 0.75198 0.387207 1.90707 0.0019094 
0.894959 0.505996 0.754838 0.385744 1.90501 0.00191454 
0.896198 0.504614 0.757428 0.384268 1.90292 0.00191978 
0.89744 0.50325 0.760267 0.382814 1.90085 0.00192499 
0.898685 0.501877 0.763185 0.381352 1.89877 0.00193025 
0.899933 0.500468 0.765956 0.379854 1.89662 0.00193569 
0.901186 0.499057 0.768834 0.378357 1.89447 0.00194116 
0.902442 0.497649 0.771886 0.376863 1.89233 0.00194665 
0.903701 0.496211 0.774804 0.375338 1.89013 0.00195229 
0.904964 0.494757 0.77776 0.373801 1.88791 0.00195803 
0.906231 0.493308 0.780905 0.37227 1.88569 0.00196378 
0.907501 0.491849 0.78396 0.370728 1.88345 0.00196961 
0.908776 0.490393 0.787023 0.369189 1.88121 0.00197546 
0.910054 0.488939 0.790073 0.367655 1.87897 0.00198133 
0.911336 0.487486 0.793027 0.366124 1.87672 0.00198724 
0.912621 0.486044 0.796138 0.364607 1.87449 0.00199313 
0.913911 0.484595 0.799194 0.363084 1.87225 0.00199909 
0.915204 0.483151 0.802187 0.361568 1.87001 0.00200507 
0.916501 0.48173 0.80525 0.360077 1.8678 0.00201098 
0.917802 0.480327 0.808181 0.358607 1.86561 0.00201685 
0.919107 0.478946 0.811164 0.35716 1.86346 0.00202267 
0.920416 0.477575 0.814064 0.355727 1.86132 0.00202848 
0.921728 0.47621 0.816899 0.354302 1.85919 0.00203429 
0.923044 0.474854 0.819827 0.35289 1.85706 0.0020401 
0.924364 0.473482 0.822805 0.351464 1.85491 0.00204601 
0.925687 0.47207 0.825769 0.350001 1.85269 0.00205213 
0.927015 0.470632 0.828863 0.348513 1.85043 0.0020584 
0.928347 0.469171 0.832203 0.347001 1.84812 0.00206481 
0.929683 0.467681 0.835394 0.345458 1.84577 0.00207139 
0.931023 0.466192 0.838534 0.343919 1.84341 0.00207801 
0.932368 0.464733 0.84183 0.342413 1.8411 0.00208453 
0.933716 0.463273 0.845074 0.340905 1.83878 0.0020911 
0.935069 0.461794 0.848238 0.339382 1.83643 0.0020978 
0.936427 0.460309 0.85155 0.337856 1.83406 0.00210457 
0.937789 0.458817 0.854858 0.336323 1.83167 0.00211141 
0.939155 0.457326 0.85811 0.334793 1.82929 0.00211829 
0.940526 0.455859 0.861343 0.333287 1.82693 0.00212511 
0.941901 0.454411 0.864593 0.331803 1.8246 0.00213188 
0.94328 0.45296 0.867737 0.33032 1.82227 0.00213871 
0.944664 0.45151 0.870944 0.328841 1.81993 0.00214558 
0.946052 0.450052 0.874352 0.327356 1.81758 0.00215253 
0.947445 0.44856 0.877584 0.325839 1.81516 0.00215969 
0.948843 0.447069 0.880858 0.324324 1.81274 0.00216689 
0.950245 0.4456 0.884398 0.322832 1.81035 0.00217404 
0.951652 0.444114 0.887731 0.321322 1.80793 0.00218131 
0.953063 0.442624 0.890871 0.319813 1.8055 0.00218865 
0.95448 0.441182 0.894228 0.318354 1.80314 0.00219581 
0.9559 0.439768 0.897545 0.316922 1.80083 0.00220287 
0.957326 0.438374 0.900593 0.315513 1.79854 0.00220987 
0.958755 0.43703 0.903756 0.314155 1.79633 0.00221667 
0.96019 0.435718 0.90684 0.31283 1.79416 0.00222334 
0.961628 0.434423 0.90964 0.311525 1.79203 0.00222997 
0.96307 0.433186 0.912441 0.310281 1.78998 0.00223634 
0.964517 0.432025 0.915355 0.309113 1.78806 0.00224235 
0.965967 0.430915 0.918026 0.307992 1.78622 0.00224813 
0.967421 0.429851 0.920427 0.306918 1.78445 0.00225369 
0.968878 0.428855 0.922553 0.305916 1.78279 0.00225892 
0.970338 0.427962 0.92457 0.305018 1.7813 0.00226363 
0.971801 0.427169 0.926531 0.304218 1.77998 0.00226784 
0.973267 0.426443 0.928158 0.303486 1.77877 0.0022717 
0.974735 0.42579 0.929599 0.302828 1.77768 0.00227519 
0.976205 0.425215 0.931042 0.302249 1.77671 0.00227826 
0.977676 0.424702 0.932222 0.301731 1.77585 0.00228101 
0.97915 0.424264 0.933191 0.301287 1.77512 0.00228337 
0.980624 0.423914 0.934056 0.300932 1.77453 0.00228525 
0.9821 0.423633 0.934672 0.300644 1.77406 0.00228677 
0.983576 0.423398 0.935079 0.300404 1.77366 0.00228804 
0.985053 0.423209 0.935337 0.300214 1.77334 0.00228906 
0.986531 0.423075 0.935743 0.300079 1.77312 0.00228978 
0.988008 0.422978 0.936083 0.29998 1.77295 0.00229031 
0.989486 0.4229 0.936306 0.299896 1.77282 0.00229073 
0.990965 0.422836 0.936349 0.299829 1.77271 0.00229108 
0.992443 0.422792 0.936291 0.299783 1.77264 0.00229132 
0.993922 0.422777 0.936299 0.299768 1.77261 0.0022914 
0.9954 0.422775 0.936367 0.299766 1.77261 0.00229141 
0.996879 0.422772 0.936362 0.299762 1.7726 0.00229142 
0.998357 0.422775 0.936308 0.299763 1.7726 0.00229141 
0.999836 0.422787 0.936256 0.299774 1.77262 0.00229134 
1.00131 0.422807 0.936213 0.299794 1.77265 0.00229124 
1.00279 0.42283 0.936182 0.299817 1.77269 0.00229111 
1.00427 0.422853 0.936121 0.299839 1.77273 0.00229098 
1.00575 0.422878 0.936049 0.299863 1.77277 0.00229085 
1.00723 0.422904 0.935966 0.299889 1.77281 0.00229071 
1.00871 0.422935 0.935888 0.29992 1.77286 0.00229054 
1.01018 0.422968 0.935825 0.299953 1.77292 0.00229036 
1.01166 0.423002 0.935763 0.299987 1.77298 0.00229018 
1.01314 0.423035 0.935705 0.300019 1.77303 0.00229 
1.01462 0.423064 0.935634 0.300048 1.77308 0.00228984 
1.01609 0.423089 0.935559 0.300073 1.77313 0.00228971 
1.01757 0.423112 0.935479 0.300097 1.77317 0.00228958 
1.01905 0.423135 0.935404 0.30012 1.77321 0.00228946 
1.02053 0.423157 0.935337 0.300143 1.77325 0.00228934 
1.022 0.423179 0.935282 0.300165 1.77329 0.00228922 
1.02348 0.4232 0.935233 0.300188 1.77333 0.00228911 
1.02496 0.42322 0.935194 0.300208 1.77337 0.002289 
1.02643 0.423238 0.935154 0.300227 1.7734 0.0022889 
1.02791 0.423254 0.935122 0.300244 1.77343 0.00228881 
1.02939 0.423269 0.935091 0.30026 1.77347 0.00228874 
1.03086 0.423283 0.935068 0.300275 1.7735 0.00228866 
1.03234 0.423295 0.93505 0.300288 1.77352 0.0022886 
1.03382 0.423305 0.935036 0.300301 1.77355 0.00228854 
1.03529 0.423314 0.935024 0.300311 1.77357 0.00228849 
1.03677 0.42332 0.93501 0.300319 1.77359 0.00228846 
1.03825 0.423324 0.934995 0.300324 1.77361 0.00228844 
1.03972 0.423326 0.934977 0.300328 1.77362 0.00228842 
1.0412 0.423327 0.934959 0.300331 1.77364 0.00228842 
1.04268 0.423328 0.934941 0.300333 1.77365 0.00228842 
1.04415 0.423328 0.934925 0.300336 1.77366 0.00228841 
1.04563 0.423329 0.934913 0.300338 1.77367 0.00228841 
1.04711 0.42333 0.934904 0.300341 1.77368 0.0022884 
1.04858 0.423332 0.934901 0.300345 1.7737 0.00228839 
1.05006 0.423333 0.934899 0.300347 1.77371 0.00228839 
1.05154 0.423334 0.934909 0.30035 1.77372 0.00228838 
1.05301 0.423334 0.934918 0.300352 1.77373 0.00228838 
1.05449 0.423334 0.934939 0.300354 1.77374 0.00228838 
1.05597 0.423332 0.934957 0.300353 1.77374 0.00228839 
1.05744 0.42333 0.934967 0.300353 1.77375 0.00228841 
1.05892 0.423327 0.93498 0.300352 1.77376 0.00228842 
1.0604 0.423324 0.934976 0.30035 1.77376 0.00228844 
1.06187 0.423319 0.934978 0.300347 1.77376 0.00228846 
1.06335 0.423313 0.934977 0.300343 1.77376 0.0022885 
1.06483 0.423304 0.93499 0.300336 1.77376 0.00228854 
1.0663 0.423294 0.934997 0.300327 1.77375 0.0022886 
1.06778 0.423282 0.935029 0.300317 1.77374 0.00228866 
1.06926 0.423271 0.935036 0.300307 1.77372 0.00228872 
1.07073 0.423261 0.935071 0.300299 1.77371 0.00228878 
1.07221 0.423251 0.935082 0.30029 1.77371 0.00228883 
1.07369 0.423241 0.935116 0.300282 1.7737 0.00228888 
1.07516 0.423232 0.935131 0.300274 1.77369 0.00228893 
1.07664 0.423224 0.935157 0.300268 1.77369 0.00228898 
1.07812 0.423218 0.93517 0.300263 1.77368 0.00228901 
1.07959 0.423213 0.935188 0.300259 1.77368 0.00228904 
1.08107 0.423207 0.935211 0.300254 1.77368 0.00228907 
1.08255 0.423201 0.935221 0.30025 1.77368 0.0022891 
1.08403 0.423196 0.935248 0.300245 1.77368 0.00228913 
1.0855 0.42319 0.935249 0.300241 1.77367 0.00228916 
1.08698 0.423185 0.935259 0.300237 1.77367 0.00228919 
1.08846 0.42318 0.935254 0.300233 1.77367 0.00228921 
1.08993 0.423177 0.935257 0.300231 1.77367 0.00228923 
1.09141 0.423174 0.935252 0.300229 1.77368 0.00228925 
1.09289 0.423173 0.935256 0.300229 1.77368 0.00228926 
1.09437 0.423172 0.935255 0.30023 1.77369 0.00228926 
1.09584 0.423172 0.93526 0.30023 1.77369 0.00228926 
1.09732 0.423171 0.93526 0.300231 1.7737 0.00228926 
1.0988 0.423171 0.93526 0.300232 1.7737 0.00228927 
1.10027 0.42317 0.935258 0.300232 1.77371 0.00228927 
1.10175 0.423169 0.935263 0.300232 1.77371 0.00228928 
1.10323 0.423168 0.935264 0.300232 1.77372 0.00228928 
1.10471 0.423167 0.935277 0.300232 1.77372 0.00228928 
1.10618 0.423166 0.935287 0.300232 1.77372 0.00228929 
1.10766 0.423164 0.9353 0.300231 1.77373 0.0022893 
1.10914 0.423161 0.935306 0.30023 1.77373 0.00228932 
1.11061 0.423159 0.935311 0.300228 1.77373 0.00228933 
1.11209 0.423157 0.935308 0.300226 1.77373 0.00228934 
1.11357 0.423154 0.935308 0.300225 1.77373 0.00228936 
1.11505 0.423152 0.935305 0.300224 1.77374 0.00228937 
1.11652 0.42315 0.935303 0.300223 1.77374 0.00228938 
1.118 0.423149 0.9353 0.300223 1.77374 0.00228938 
1.11948 0.423148 0.935298 0.300223 1.77375 0.00228939 
1.12096 0.423148 0.935294 0.300224 1.77375 0.00228939 
1.12243 0.423149 0.935291 0.300225 1.77376 0.00228939 
1.12391 0.423149 0.935285 0.300226 1.77376 0.00228938 
1.12539 0.42315 0.93528 0.300227 1.77377 0.00228938 
1.12686 0.42315 0.935274 0.300229 1.77377 0.00228938 
1.12834 0.423151 0.93527 0.30023 1.77378 0.00228937 
1.12982 0.423151 0.935266 0.300231 1.77379 0.00228937 
1.1313 0.42315 0.935264 0.300232 1.77379 0.00228938 
1.13277 0.423149 0.935264 0.300231 1.77379 0.00228938 
1.13425 0.423146 0.935267 0.300229 1.77379 0.0022894 
1.13573 0.423141 0.935274 0.300226 1.77379 0.00228942 
1.1372 0.423136 0.93528 0.300221 1.77379 0.00228945 
1.13868 0.42313 0.935292 0.300216 1.77378 0.00228949 
1.14016 0.423124 0.935291 0.300211 1.77378 0.00228952 
1.14164 0.423119 0.935294 0.300207 1.77377 0.00228954 
1.14311 0.423114 0.935294 0.300203 1.77377 0.00228957 
1.14459 0.423107 0.935308 0.300198 1.77377 0.00228961 
1.14607 0.423098 0.935317 0.30019 1.77376 0.00228966 
1.14755 0.42309 0.935341 0.300183 1.77375 0.0022897 
1.14902 0.423083 0.935345 0.300177 1.77375 0.00228974 
1.1505 0.423078 0.935351 0.300173 1.77374 0.00228977 
1.15198 0.423074 0.935347 0.30017 1.77375 0.00228979 
1.15346 0.42307 0.935348 0.300168 1.77375 0.00228981 
1.15493 0.423066 0.935349 0.300166 1.77375 0.00228983 
1.15641 0.423061 0.935353 0.300163 1.77375 0.00228986 
1.15789 0.423057 0.935354 0.300161 1.77376 0.00228988 
1.15937 0.423055 0.935352 0.30016 1.77377 0.00228989 
1.16084 0.423052 0.93535 0.300161 1.77378 0.00228991 
1.16232 0.42305 0.935352 0.300161 1.77379 0.00228992 
1.1638 0.423048 0.935356 0.300161 1.7738 0.00228993 
1.16528 0.423045 0.935359 0.300162 1.77381 0.00228994 
1.16675 0.423043 0.935361 0.300162 1.77383 0.00228996 
1.16823 0.42304 0.935363 0.300162 1.77384 0.00228997 
1.16971 0.423036 0.935365 0.300161 1.77385 0.00229 
1.17119 0.423031 0.935364 0.30016 1.77387 0.00229002 
1.17266 0.423026 0.935364 0.300159 1.77388 0.00229005 
1.17414 0.423021 0.935362 0.300158 1.7739 0.00229008 
1.17562 0.423015 0.935359 0.300156 1.77391 0.00229011 
1.1771 0.423009 0.935354 0.300155 1.77393 0.00229014 
1.17858 0.423003 0.93535 0.300155 1.77395 0.00229017 
1.18005 0.422997 0.935344 0.300154 1.77397 0.0022902 
1.18153 0.422992 0.935338 0.300154 1.774 0.00229023 
1.18301 0.422986 0.935331 0.300154 1.77402 0.00229026 
1.18449 0.422981 0.935324 0.300155 1.77405 0.00229029 
1.18596 0.422976 0.935316 0.300156 1.77407 0.00229032 
1.18744 0.422972 0.93531 0.300158 1.7741 0.00229034 
1.18892 0.422967 0.935305 0.300159 1.77413 0.00229037 
1.1904 0.422961 0.935302 0.30016 1.77416 0.0022904 
1.19188 0.422955 0.935301 0.30016 1.77419 0.00229043 
1.19335 0.422947 0.935303 0.300159 1.77421 0.00229047 
1.19483 0.422937 0.935311 0.300155 1.77423 0.00229053 
1.19631 0.422926 0.935326 0.30015 1.77425 0.00229059 
1.19779 0.422913 0.935339 0.300144 1.77426 0.00229066 
1.19927 0.422901 0.935351 0.300138 1.77428 0.00229073 
1.20074 0.42289 0.935357 0.300134 1.7743 0.00229079 
1.20222 0.42288 0.935352 0.300132 1.77433 0.00229084 
1.2037 0.422872 0.935357 0.30013 1.77436 0.00229088 
1.20518 0.422863 0.935354 0.300128 1.77438 0.00229093 
1.20666 0.422856 0.935359 0.300127 1.77441 0.00229097 
1.20813 0.422849 0.935355 0.300127 1.77443 0.00229101 
1.20961 0.422842 0.935361 0.300126 1.77446 0.00229104 
1.21109 0.422836 0.935357 0.300127 1.77448 0.00229107 
1.21257 0.42283 0.935364 0.300127 1.77451 0.00229111 
1.21405 0.422824 0.93536 0.300128 1.77454 0.00229114 
1.21553 0.422819 0.935374 0.300129 1.77457 0.00229117 
1.21701 0.422813 0.93537 0.300131 1.7746 0.0022912 
1.21848 0.422808 0.935386 0.300131 1.77463 0.00229123 
1.21996 0.422803 0.935384 0.300132 1.77466 0.00229125 
1.22144 0.422798 0.935393 0.300133 1.77468 0.00229128 
1.22292 0.422792 0.93539 0.300133 1.77471 0.00229131 
1.2244 0.422787 0.935393 0.300134 1.77473 0.00229134 
1.22588 0.42278 0.93539 0.300133 1.77476 0.00229138 
1.22735 0.422774 0.93539 0.300133 1.77479 0.00229141 
1.22883 0.422767 0.935388 0.300133 1.77481 0.00229145 
1.23031 0.422761 0.935387 0.300133 1.77484 0.00229148 
1.23179 0.422755 0.935386 0.300132 1.77486 0.00229152 
1.23327 0.42275 0.935387 0.300132 1.77488 0.00229155 
1.23475 0.422744 0.935389 0.300131 1.7749 0.00229158 
1.23623 0.422739 0.93539 0.300131 1.77492 0.00229161 
1.2377 0.422733 0.935394 0.300131 1.77494 0.00229164 
1.23918 0.422729 0.935392 0.300132 1.77497 0.00229166 
1.24066 0.422723 0.935399 0.300132 1.77499 0.00229169 
1.24214 0.422719 0.935394 0.300133 1.77502 0.00229171 
1.24362 0.422713 0.9354 0.300133 1.77504 0.00229174 
1.2451 0.422708 0.935395 0.300133 1.77506 0.00229177 
1.24658 0.422701 0.935403 0.300132 1.77508 0.00229181 
1.24806 0.422693 0.935399 0.30013 1.77511 0.00229185 
1.24953 0.422684 0.935417 0.300126 1.77512 0.0022919 
1.25101 0.422673 0.935412 0.300121 1.77514 0.00229196 
1.25249 0.422663 0.93544 0.300116 1.77515 0.00229202 
1.25397 0.422652 0.935428 0.300112 1.77517 0.00229207 
1.25545 0.422643 0.935452 0.300108 1.77519 0.00229212 
1.25693 0.422634 0.935436 0.300106 1.77521 0.00229217 
1.25841 0.422627 0.935448 0.300105 1.77523 0.00229221 
1.25989 0.42262 0.935437 0.300104 1.77526 0.00229225 
1.26137 0.422614 0.935444 0.300105 1.77529 0.00229228 
1.26285 0.422608 0.935437 0.300106 1.77532 0.00229231 
1.26432 0.422604 0.935438 0.300108 1.77536 0.00229234 
1.2658 0.422598 0.935431 0.30011 1.77539 0.00229237 
1.26728 0.422595 0.935425 0.300115 1.77543 0.00229238 
1.26876 0.422591 0.935416 0.300119 1.77547 0.00229241 
1.27024 0.422589 0.935405 0.300125 1.77552 0.00229242 
1.27172 0.422585 0.935393 0.30013 1.77556 0.00229244 
1.2732 0.422584 0.935378 0.300137 1.77561 0.00229244 
1.27468 0.42258 0.93537 0.300141 1.77565 0.00229247 
1.27616 0.422576 0.935354 0.300149 1.77571 0.00229249 
1.27764 0.42257 0.935356 0.300151 1.77575 0.00229252 
1.27912 0.422562 0.935343 0.300155 1.7758 0.00229256 
1.2806 0.42255 0.935371 0.300153 1.77584 0.00229263 
1.28208 0.422536 0.935363 0.300151 1.77589 0.00229271 
1.28355 0.422519 0.935424 0.300145 1.77592 0.00229279 
1.28503 0.4225 0.935403 0.300139 1.77596 0.0022929 
1.28651 0.422486 0.935458 0.300134 1.776 0.00229298 
1.28799 0.422468 0.935433 0.300131 1.77606 0.00229307 
1.28947 0.422453 0.935454 0.300128 1.7761 0.00229316 
1.29095 0.42243 0.93545 0.300122 1.77616 0.00229328 
1.29243 0.422409 0.935493 0.300114 1.7762 0.00229339 
1.29391 0.422379 0.935522 0.3001 1.77624 0.00229356 
1.29539 0.422354 0.935531 0.30009 1.77629 0.00229369 
1.29687 0.422328 0.935561 0.300081 1.77635 0.00229383 
1.29835 0.42231 0.935529 0.300081 1.77642 0.00229393 
1.29983 0.422289 0.935541 0.300077 1.77649 0.00229405 
1.30132 0.422274 0.935498 0.300083 1.77659 0.00229413 
1.30279 0.422252 0.935522 0.30008 1.77666 0.00229424 
1.30428 0.422234 0.935465 0.300086 1.77678 0.00229434 
1.30575 0.422211 0.935512 0.300082 1.77685 0.00229447 
1.30724 0.422188 0.935432 0.300088 1.77698 0.00229459 
1.30871 0.422165 0.935501 0.300084 1.77706 0.00229472 
1.3102 0.422135 0.935398 0.30009 1.77722 0.00229488 
1.31168 0.422111 0.935491 0.300086 1.7773 0.00229501 
1.31316 0.422073 0.935364 0.300092 1.77749 0.00229522 
1.31464 0.422049 0.935485 0.300088 1.77757 0.00229535 
1.31612 0.422 0.935334 0.300091 1.77779 0.00229562 
1.31761 0.421977 0.935479 0.300092 1.77789 0.00229574 
1.31908 0.421917 0.935304 0.30009 1.77814 0.00229607 
1.32057 0.421896 0.935469 0.300098 1.77827 0.00229618 
1.32203 0.42182 0.935277 0.300086 1.77852 0.00229659 
1.32355 0.421801 0.935465 0.300106 1.77872 0.0022967 
1.32499 0.421703 0.93526 0.300076 1.77895 0.00229723 
1.32652 0.421684 0.935467 0.300119 1.77929 0.00229734 
1.32794 0.421556 0.935245 0.300058 1.77947 0.00229803 
1.3295 0.421532 0.935453 0.300131 1.78 0.00229817 
1.33089 0.421362 0.935228 0.300033 1.78014 0.00229909 
1.33249 0.421313 0.935446 0.300126 1.7809 0.00229936 
1.33383 0.42107 0.935229 0.299963 1.78096 0.00230069 
1.33548 0.420948 0.93548 0.300038 1.78192 0.00230135 
1.33677 0.420565 0.935238 0.299753 1.78185 0.00230345 
1.33849 0.420208 0.93543 0.299679 1.78293 0.00230541 
1.3397 0.419485 0.935191 0.299098 1.78253 0.00230938 
1.34153 0.418243 0.935417 0.298374 1.7835 0.00231624 
1.34263 0.416527 0.935176 0.296769 1.78121 0.00232578 
1.34461 0.412078 0.935486 0.29378 1.78232 0.00235089 
1.34556 0.407757 0.935215 0.289356 1.77409 0.0023758 
1.34779 0.392209 0.936656 0.278295 1.77391 0.00246998 
1.34858 0.382134 0.934998 0.268958 1.75958 0.00253511 
1.35114 0.341935 0.935449 0.257409 1.88198 0.00283314 
1.35206 0.320542 0.934994 0.274803 2.14326 0.00302222 
1.3552 0.273589 0.935503 0.370089 3.38178 0.00354089 
1.35677 0.258942 0.935013 0.352448 3.40278 0.00374119 
1.36021 0.246458 0.935583 0.331331 3.36092 0.00393069 
1.36187 0.244508 0.93497 0.319487 3.26663 0.00396204 
1.36529 0.243641 0.935586 0.312348 3.205 0.00397614 
1.36711 0.244774 0.934973 0.309028 3.15626 0.00395774 
1.3703 0.246401 0.935538 0.307794 3.1229 0.0039316 
1.37229 0.247844 0.934978 0.306955 3.09626 0.00390871 
1.37525 0.249417 0.935503 0.3069 3.07618 0.00388406 
1.37738 0.250601 0.935004 0.306785 3.06049 0.0038657 
1.38018 0.25171 0.93547 0.306924 3.04839 0.00384868 
1.3824 0.252569 0.935016 0.307001 3.03878 0.00383558 
1.38508 0.253291 0.935433 0.307119 3.03129 0.00382466 
1.38737 0.253885 0.93503 0.307237 3.02536 0.0038157 
1.38997 0.25435 0.935409 0.307315 3.02059 0.00380873 
1.39231 0.254756 0.935078 0.307415 3.01675 0.00380265 
1.39486 0.255061 0.93539 0.307455 3.01354 0.00379811 
1.39723 0.255343 0.935104 0.307538 3.01102 0.00379391 
1.39974 0.255554 0.935365 0.307545 3.00861 0.00379078 
1.40213 0.255759 0.935125 0.307601 3.00675 0.00378774 
1.40462 0.255915 0.935364 0.307604 3.00494 0.00378544 
1.40703 0.256069 0.935197 0.307646 3.00354 0.00378316 
1.40949 0.256187 0.935386 0.307647 3.00216 0.00378141 
1.41191 0.256301 0.93527 0.307677 3.00113 0.00377973 
1.41437 0.256389 0.935389 0.307674 3.00007 0.00377844 
1.41679 0.256472 0.935297 0.307695 2.9993 0.00377721 
1.41924 0.256537 0.935376 0.30769 2.99849 0.00377626 
1.42167 0.256599 0.935307 0.307706 2.99793 0.00377535 
1.42411 0.256649 0.93537 0.307716 2.99744 0.00377461 
1.42654 0.256697 0.935332 0.307718 2.99689 0.0037739 
1.42898 0.256738 0.935371 0.307724 2.99648 0.0037733 
1.43141 0.256776 0.93535 0.307722 2.99602 0.00377274 
1.43385 0.256808 0.935363 0.307726 2.99568 0.00377227 
1.43628 0.256838 0.935347 0.30772 2.99527 0.00377183 
1.43871 0.256864 0.935347 0.307723 2.995 0.00377145 
1.44115 0.256887 0.935334 0.307716 2.99466 0.00377111 
1.44358 0.256908 0.935335 0.30772 2.99446 0.00377081 
1.44601 0.256927 0.935323 0.307715 2.99418 0.00377052 
1.44844 0.256945 0.935338 0.307722 2.99405 0.00377027 
1.45088 0.256961 0.935332 0.307719 2.99382 0.00377003 
1.45331 0.256976 0.935359 0.307728 2.99374 0.00376981 
1.45574 0.25699 0.935359 0.307726 2.99356 0.00376961 
1.45817 0.257002 0.935385 0.307736 2.99352 0.00376943 
1.46061 0.257013 0.935389 0.307734 2.99337 0.00376927 
1.46304 0.257022 0.935407 0.307743 2.99335 0.00376914 
1.46547 0.257029 0.935407 0.307739 2.99323 0.00376903 
1.4679 0.257036 0.935421 0.307746 2.99323 0.00376893 
1.47033 0.257041 0.935418 0.307742 2.99312 0.00376885 
1.47277 0.257046 0.935432 0.307749 2.99314 0.00376879 
1.4752 0.25705 0.935431 0.307745 2.99305 0.00376873 
1.47763 0.257053 0.935446 0.307753 2.99308 0.00376868 
1.48006 0.257056 0.935446 0.307749 2.99301 0.00376864 
1.48249 0.257058 0.935458 0.307755 2.99305 0.0037686 
1.48493 0.25706 0.935457 0.307751 2.99299 0.00376858 
1.48736 0.257061 0.935467 0.307757 2.99304 0.00376856 
1.48979 0.257062 0.935465 0.307752 2.99298 0.00376855 
1.49222 0.257062 0.935476 0.307759 2.99304 0.00376855 
1.49465 0.257062 0.935473 0.307754 2.99299 0.00376854 
1.49708 0.257063 0.935488 0.307761 2.99305 0.00376853 
1.49952 0.257063 0.935485 0.307757 2.993 0.00376853 
1.50195 0.257064 0.935504 0.307764 2.99307 0.00376852 
1.50438 0.257064 0.935502 0.307761 2.99303 0.00376851 
1.50681 0.257065 0.935522 0.307768 2.9931 0.00376851 
1.50924 0.257065 0.935519 0.307765 2.99306 0.0037685 
1.51167 0.257066 0.935541 0.307773 2.99314 0.00376849 
1.5141 0.257066 0.935544 0.307771 2.9931 0.00376848 
1.51654 0.257067 0.935564 0.307779 2.99318 0.00376847 
1.51897 0.257067 0.935571 0.307776 2.99314 0.00376847 
1.5214 0.257067 0.93558 0.307782 2.99321 0.00376848 
1.52383 0.257066 0.935581 0.307777 2.99318 0.00376849 
1.52626 0.257064 0.935583 0.307782 2.99324 0.00376851 
1.52869 0.257064 0.935585 0.307778 2.9932 0.00376852 
1.53113 0.257064 0.935593 0.307785 2.99327 0.00376852 
1.53356 0.257064 0.935611 0.307782 2.99325 0.00376852 
1.53599 0.257064 0.935622 0.307789 2.99332 0.00376852 
1.53842 0.257063 0.935635 0.307799 2.99341 0.00376853 
1.54085 0.257063 0.935639 0.307792 2.99335 0.00376853 
1.54328 0.257063 0.93564 0.307796 2.99339 0.00376853 
1.54572 0.257064 0.935638 0.307789 2.99331 0.00376852 
1.54815 0.257065 0.935636 0.307792 2.99332 0.0037685 
1.55058 0.257067 0.935633 0.307784 2.99323 0.00376848 
1.55301 0.257068 0.935632 0.307787 2.99325 0.00376846 
1.55544 0.257069 0.935629 0.307779 2.99315 0.00376844 
1.55787 0.257071 0.935632 0.307784 2.99318 0.00376842 
1.56031 0.257072 0.935628 0.307778 2.9931 0.0037684 
1.56274 0.257073 0.935638 0.307784 2.99315 0.00376838 
1.56517 0.257075 0.935636 0.307779 2.99308 0.00376836 
1.5676 0.257076 0.935651 0.307786 2.99314 0.00376834 
1.57003 0.257077 0.93565 0.307781 2.99308 0.00376833 
1.57246 0.257077 0.935661 0.307787 2.99314 0.00376832 
1.5749 0.257077 0.935661 0.307782 2.99308 0.00376832 
1.57733 0.257077 0.935666 0.307787 2.99315 0.00376833 
1.57976 0.257076 0.935664 0.307781 2.99309 0.00376834 
1.58219 0.257075 0.935666 0.307785 2.99315 0.00376836 
1.58462 0.257073 0.935664 0.307778 2.9931 0.00376838 
1.58705 0.257071 0.935668 0.307783 2.99316 0.00376841 
1.58948 0.257069 0.935664 0.307775 2.99311 0.00376844 
1.59192 0.257068 0.935665 0.307779 2.99317 0.00376846 
1.59435 0.257066 0.935665 0.307772 2.99312 0.00376849 
1.59678 0.257064 0.93567 0.307776 2.99318 0.00376852 
1.59921 0.257061 0.935663 0.307768 2.99313 0.00376855 
1.60164 0.25706 0.935664 0.307772 2.9932 0.00376858 
1.60407 0.257059 0.935663 0.307766 2.99315 0.0037686 
1.60651 0.257056 0.93567 0.30777 2.99321 0.00376863 
1.60894 0.257053 0.935662 0.307761 2.99316 0.00376867 
1.61137 0.257052 0.93568 0.307765 2.99322 0.0037687 
1.6138 0.257051 0.935684 0.307761 2.99318 0.0037687 
1.61623 0.25705 0.93569 0.307766 2.99325 0.00376872 
1.61867 0.257049 0.935668 0.307761 2.99321 0.00376873 
1.6211 0.257053 0.935674 0.307774 2.99329 0.00376868 
1.62353 0.257059 0.935655 0.30778 2.99328 0.00376858 
1.62596 0.257065 0.93564 0.307798 2.99338 0.0037685 
1.62839 0.257071 0.935611 0.307804 2.99337 0.00376841 
1.63082 0.257077 0.9356 0.307821 2.99347 0.00376832 
1.63325 0.257082 0.935606 0.307826 2.99346 0.00376825 
1.63569 0.257084 0.935616 0.307836 2.99353 0.00376822 
1.63812 0.257083 0.935591 0.30783 2.99349 0.00376824 
1.64055 0.257081 0.935591 0.307834 2.99355 0.00376826 
1.64298 0.257075 0.935616 0.307818 2.99348 0.00376836 
1.64541 0.257053 0.935568 0.307788 2.99345 0.00376868 
1.64784 0.25702 0.935384 0.307728 2.99326 0.00376916 
1.65027 0.256982 0.935268 0.307671 2.99315 0.00376972 
1.65271 0.256922 0.935263 0.30756 2.99282 0.0037706 
1.65514 0.256799 0.934953 0.307355 2.99231 0.00377241 
1.65758 0.256617 0.934002 0.307045 2.99144 0.00377508 
1.66001 0.256409 0.93328 0.306698 2.99053 0.00377814 
1.66245 0.256075 0.933132 0.306126 2.98906 0.00378307 
1.66489 0.255434 0.931454 0.305013 2.98597 0.00379256 
1.66734 0.25449 0.926861 0.303419 2.98156 0.00380662 
1.6698 0.253358 0.922729 0.301488 2.97611 0.00382363 
1.67227 0.251611 0.920827 0.298462 2.96773 0.00385018 
1.67475 0.248369 0.912005 0.29287 2.95175 0.00390044 
1.67727 0.243581 0.888731 0.284797 2.92795 0.00397712 
1.67986 0.237833 0.864552 0.275121 2.89837 0.00407324 
1.6825 0.229885 0.849361 0.261336 2.8538 0.00421407 
1.68521 0.216341 0.803148 0.237355 2.76581 0.00447793 
1.68812 0.195687 0.682891 0.201746 2.61191 0.00495055 
1.69146 0.171211 0.476683 0.162372 2.40917 0.00565809 
1.69542 0.149283 0.24091 0.130317 2.2125 0.00648911 
1.69997 0.134504 0.0702714 0.110981 2.07879 0.00720229 
1.70488 0.12709 -0.00612986 0.102225 2.01665 0.00762256 
1.70992 0.124567 -0.0218412 0.0994703 1.99744 0.00777693 
1.71498 0.124289 -0.0133564 0.0992136 1.99534 0.00779435 
1.72 0.124624 -0.00425072 0.099594 1.99748 0.0077734 
1.72501 0.124913 6.12979e-05 0.0999085 1.99933 0.00775537 
1.73001 0.125039 0.00105555 0.100042 2.00014 0.00774756 
1.735 0.125063 0.000862358 0.100064 2.00029 0.00774612 
1.74 0.12505 0.000460326 0.100049 2.00021 0.00774693 
1.745 0.125033 0.000164958 0.10003 2.0001 0.00774796 
1.75 0.125022 2.07765e-05 0.100019 2.00003 0.00774862 
1.755 0.125018 -2.44945e-05 0.100014 2 0.00774891 
1.76 0.125017 -2.21167e-05 0.100013 1.99999 0.00774898 
1.765 0.125017 -9.36185e-06 0.100013 2 0.00774896 
1.77 0.125017 -1.49292e-06 0.100014 2 0.00774893 
1.775 0.125017 1.10157e-06 0.100014 2 0.00774892 
1.78 0.125018 1.2464e-06 0.100014 2 0.00774892 
1.785 0.125017 7.78639e-07 0.100014 2 0.00774892 
1.79 0.125017 3.34333e-07 0.100014 2 0.00774892 
1.795 0.125017 8.12595e-08 0.100014 2 0.00774892 
1.8 0.125017 -1.72491e-08 0.100014 2 0.00774892 
1.805 0.125017 -3.26125e-08 0.100014 2 0.00774892 
1.81 0.125017 -1.79726e-08 0.100014 2 0.00774892 
1.815 0.125017 -4.98592e-09 0.100014 2 0.00774892 
1.82 0.125017 6.047e-10 0.100014 2 0.00774892 
1.825 0.125017 1.65139e-09 0.100014 2 0.00774892 
1.83 0.125017 1.23562e-09 0.100014 2 0.00774892 
1.835 0.125017 6.21445e-10 0.100014 2 0.00774892 
1.84 0.125017 2.04088e-10 0.100014 2 0.00774892 
1.845 0.125017 1.25074e-11 0.100014 2 0.00774892 
1.85 0.125017 -4.07358e-11 0.100014 2 0.00774892 
1.855 0.125017 -3.10814e-11 0.100014 2 0.00774892 
1.86 0.125017 -1.18193e-11 0.100014 2 0.00774892 
1.865 0.125017 -1.18277e-12 0.100014 2 0.00774892 
1.87 0.125017 1.91795e-12 0.100014 2 0.00774892 
1.875 0.125017 1.85571e-12 0.100014 2 0.00774892 
1.88 0.125017 1.0764e-12 0.100014 2 0.00774892 
1.885 0.125017 4.24361e-13 0.100014 2 0.00774892 
1.89 0.125017 7.22884e-14 0.100014 2 0.00774892 
1.895 0.125017 -3.88794e-14 0.100014 2 0.00774892 
1.9 0.125017 -3.07997e-14 0.100014 2 0.00774892 
1.905 0.125017 -1.75683e-14 0.100014 2 0.00774892 
1.91 0.125017 -3.01112e-15 0.100014 2 0.00774892 
1.915 0.125017 3.15501e-15 0.100014 2 0.00774892 
1.92 0.125017 9.33923e-16 0.100014 2 0.00774892 
1.925 0.125017 5.06242e-16 0.100014 2 0.00774892 
1.93 0.125017 4.18799e-15 0.100014 2 0.00774892 
1.935 0.125017 3.98126e-15 0.100014 2 0.00774892 
1.94 0.125017 3.49719e-15 0.100014 2 0.00774892 
1.945 0.125017 8.30075e-16 0.100014 2 0.00774892 
1.95 0.125017 0 0.100014 2 0.00774892 
1.955 0.125017 0 0.100014 2 0.00774892 
1.96 0.125017 0 0.100014 2 0.00774892 
1.965 0.125017 0 0.100014 2 0.00774892 
1.97 0.125017 0 0.100014 2 0.00774892 
1.975 0.125017 0 0.100014 2 0.00774892 
1.98 0.125009 0 0.100007 2 0.00774946 
1.985 0.124027 0 0.0992217 2 0.00781079 
1.99 0.111541 0 0.0892332 2 0.00868511 
1.995 0.0759809 0 0.0607847 2 0.0127499 
